1 0.89921875 0.90859375 0.096875 0.1484375
3 0.71796875 0.92734375 0.084375 0.0890625
3 0.5640625 0.92734375 0.08125 0.08125
10 0.6859375 0.6203125 0.0875 0.1
10 0.55078125 0.6171875 0.084375 0.096875
10 0.41171875 0.62109375 0.0828125 0.096875
3 0.63125 0.52265625 0.08125 0.0875
3 0.475 0.52265625 0.08125 0.0875
6 0.625 0.415625 0.203125 0.09375
8 0.26484375 0.39921875 0.065625 0.128125
4 0.659375 0.08203125 0.1453125 0.121875
11 0.21171875 0.22734375 0.0796875 0.153125
11 0.05703125 0.225 0.071875 0.153125
5 0.16796875 0.0515625 0.0734375 0.0703125
5 0.06015625 0.05546875 0.071875 0.0734375