4 0.34140625 0.08046875 0.14140625 0.12578125
5 0.83203125 0.0515625 0.07578125 0.071875
5 0.940625 0.04921875 0.075 0.0703125
11 0.7859375 0.2203125 0.0765625 0.15390625
11 0.940625 0.2203125 0.07421875 0.15625
6 0.37578125 0.41328125 0.20390625 0.09453125
3 0.36875 0.52265625 0.08671875 0.090625
3 0.5265625 0.52109375 0.0828125 0.08984375
10 0.3203125 0.6203125 0.1 0.1015625
10 0.45234375 0.62109375 0.0875 0.1015625
10 0.5859375 0.61796875 0.08515625 0.09609375
8 0.73515625 0.396875 0.065625 0.128125
1 0.1 0.90546875 0.09453125 0.15078125
3 0.284375 0.92421875 0.08125 0.090625
3 0.43671875 0.92578125 0.0796875 0.0875