4 0.08046875 0.65859375 0.125 0.1421875
5 0.0515625 0.16796875 0.071875 0.075
5 0.04921875 0.059375 0.0703125 0.075
11 0.2203125 0.2140625 0.153125 0.0765625
11 0.2203125 0.059375 0.15625 0.075
6 0.41328125 0.62421875 0.09375 0.203125
3 0.52265625 0.63125 0.090625 0.0875
3 0.52109375 0.4734375 0.090625 0.0828125
10 0.6203125 0.6796875 0.1015625 0.1
10 0.62109375 0.54765625 0.1015625 0.0875
10 0.61796875 0.4140625 0.096875 0.084375
8 0.396875 0.26484375 0.128125 0.065625
1 0.90546875 0.9 0.15 0.09375
3 0.92421875 0.715625 0.090625 0.08125
3 0.92578125 0.56328125 0.0875 0.0796875