6 0.23671875 0.26953125 0.0921875 0.2265625
7 0.4390625 0.2796875 0.12578125 0.13984375
6 0.6 0.28046875 0.0921875 0.228125
12 0.8515625 0.07265625 0.17734375 0.0765625
4 0.87109375 0.3703125 0.15546875 0.1921875
0 0.17578125 0.63515625 0.10859375 0.121875
0 0.60859375 0.6375 0.10859375 0.11875
1 0.18671875 0.89140625 0.1 0.1625
3 0.3671875 0.90078125 0.11171875 0.11875
1 0.54921875 0.88984375 0.1 0.1640625
5 0.81328125 0.93203125 0.09296875 0.09765625
11 0.93828125 0.9015625 0.071875 0.16640625