6 0.2328125 0.28671875 0.0796875 0.315625
7 0.40390625 0.30703125 0.1125 0.2
10 0.5453125 0.1140625 0.084375 0.1640625
10 0.55 0.38515625 0.0859375 0.1640625
11 0.1390625 0.828125 0.075 0.26875
5 0.334375 0.74375 0.078125 0.128125
12 0.86875 0.090625 0.1546875 0.103125
4 0.915625 0.3359375 0.1375 0.2703125
0 0.4671875 0.64296875 0.0984375 0.171875
0 0.46796875 0.834375 0.096875 0.165625
1 0.7203125 0.83828125 0.090625 0.23125
3 0.81640625 0.85078125 0.09375 0.1703125
1 0.9125 0.83828125 0.0875 0.225