4 0.65859375 0.91953125 0.1421875 0.125
5 0.16796875 0.9484375 0.075 0.071875
5 0.059375 0.95078125 0.075 0.0703125
11 0.2140625 0.7796875 0.0765625 0.153125
11 0.059375 0.7796875 0.075 0.15625
6 0.62421875 0.58671875 0.203125 0.09375
3 0.63125 0.47734375 0.0875 0.090625
3 0.4734375 0.47890625 0.0828125 0.090625
10 0.6796875 0.3796875 0.1 0.1015625
10 0.54765625 0.37890625 0.0875 0.1015625
10 0.4140625 0.38203125 0.084375 0.096875
8 0.26484375 0.603125 0.065625 0.128125
1 0.9 0.09453125 0.09375 0.1515625
3 0.715625 0.07578125 0.08125 0.090625
3 0.56328125 0.07421875 0.0796875 0.0875