4 0.340625 0.07890625 0.1390625 0.1265625
6 0.37734375 0.4140625 0.2015625 0.090625
3 0.36953125 0.52109375 0.0828125 0.0890625
3 0.52734375 0.51953125 0.08515625 0.0875
10 0.3140625 0.6171875 0.08671875 0.09609375
10 0.4484375 0.6171875 0.0859375 0.0953125
10 0.58828125 0.61953125 0.08828125 0.09765625
8 0.7375 0.39765625 0.06796875 0.13046875
3 0.43828125 0.9234375 0.08828125 0.0875
3 0.68828125 0.93203125 0.084375 0.08359375
11 0.06015625 0.8921875 0.075 0.153125
5 0.1375 0.95 0.0671875 0.06328125
5 0.94140625 0.05 0.0703125 0.06875
11 0.94375 0.2203125 0.07109375 0.15625