10 0.19375 0.56171875 0.090625 0.16875
10 0.43515625 0.56328125 0.0875 0.16875
10 0.546875 0.5609375 0.08828125 0.171875
6 0.3984375 0.12578125 0.18203125 0.14375
7 0.38828125 0.3265625 0.11328125 0.19453125
12 0.13359375 0.853125 0.0609375 0.25390625
4 0.4625 0.84921875 0.15546875 0.240625
3 0.75625 0.52109375 0.06171875 0.11015625
1 0.8890625 0.559375 0.1328125 0.15625
1 0.8890625 0.71875 0.13203125 0.15
1 0.89140625 0.88359375 0.13203125 0.15078125
11 0.7375 0.128125 0.05234375 0.16875
5 0.946875 0.10078125 0.07578125 0.13203125