4 0.6046875 0.89375 0.1375 0.128125
6 0.6234375 0.5859375 0.203125 0.09375
3 0.63046875 0.478125 0.08125 0.0859375
3 0.4734375 0.48046875 0.084375 0.0859375
10 0.68359375 0.3796875 0.0859375 0.1
10 0.553125 0.3796875 0.0859375 0.096875
10 0.409375 0.3828125 0.0875 0.096875
1 0.89765625 0.09375 0.096875 0.15
3 0.71796875 0.07265625 0.084375 0.0859375
3 0.56484375 0.075 0.090625 0.0859375
8 0.26640625 0.60078125 0.0671875 0.128125
8 0.16796875 0.95 0.071875 0.0765625
11 0.05703125 0.77890625 0.075 0.15625