4 0.340625 0.08125 0.13828125 0.13203125
6 0.378125 0.4171875 0.2015625 0.09453125
3 0.36796875 0.521875 0.08515625 0.0859375
3 0.52734375 0.52109375 0.08828125 0.08671875
10 0.315625 0.61640625 0.08359375 0.096875
10 0.44765625 0.61953125 0.0875 0.096875
10 0.58984375 0.61953125 0.0921875 0.096875
3 0.434375 0.925 0.0890625 0.090625
3 0.6921875 0.93046875 0.08515625 0.0859375
8 0.7359375 0.3984375 0.06640625 0.12890625
11 0.059375 0.89296875 0.071875 0.1546875
5 0.14140625 0.94921875 0.075 0.0703125
5 0.9421875 0.05234375 0.0765625 0.07109375
11 0.9421875 0.22109375 0.071875 0.1578125