4 0.08125 0.659375 0.13125 0.1390625
6 0.4171875 0.621875 0.09375 0.2015625
3 0.521875 0.63203125 0.0859375 0.084375
3 0.52109375 0.47265625 0.0875 0.0875
10 0.61640625 0.684375 0.096875 0.084375
10 0.61953125 0.55234375 0.096875 0.0875
10 0.61953125 0.41015625 0.096875 0.0921875
3 0.925 0.565625 0.090625 0.0890625
3 0.93046875 0.3078125 0.0859375 0.084375
8 0.3984375 0.2640625 0.128125 0.065625
11 0.89296875 0.940625 0.1546875 0.071875
5 0.94921875 0.85859375 0.0703125 0.075
5 0.05234375 0.0578125 0.071875 0.0765625
11 0.22109375 0.0578125 0.1578125 0.071875