6 0.71328125 0.2328125 0.315625 0.0796875
7 0.69296875 0.40390625 0.2 0.1125
10 0.8859375 0.5453125 0.1640625 0.084375
10 0.61484375 0.55 0.1640625 0.0859375
11 0.171875 0.1390625 0.26875 0.075
5 0.25625 0.334375 0.128125 0.078125
12 0.909375 0.86875 0.103125 0.1546875
4 0.6640625 0.915625 0.2703125 0.1375
0 0.35703125 0.4671875 0.171875 0.0984375
0 0.165625 0.46796875 0.165625 0.096875
1 0.16171875 0.7203125 0.23125 0.090625
3 0.14921875 0.81640625 0.1703125 0.09375
1 0.16171875 0.9125 0.225 0.0890625