4 0.10625 0.6046875 0.128125 0.1375
6 0.4140625 0.6234375 0.09375 0.203125
3 0.521875 0.63046875 0.0859375 0.08125
3 0.51953125 0.4734375 0.0859375 0.084375
10 0.6203125 0.68359375 0.1 0.0859375
10 0.6203125 0.553125 0.096875 0.0859375
10 0.6171875 0.409375 0.096875 0.0875
1 0.90625 0.89765625 0.15 0.096875
3 0.92734375 0.71796875 0.0859375 0.084375
3 0.925 0.56484375 0.0859375 0.090625
8 0.39921875 0.26640625 0.128125 0.0671875
8 0.05 0.16796875 0.0765625 0.071875
11 0.22109375 0.05703125 0.15625 0.075