1 0.90859375 0.10078125 0.1484375 0.096875
3 0.92734375 0.28203125 0.0890625 0.084375
3 0.92734375 0.4359375 0.08125 0.08125
10 0.6203125 0.3140625 0.1 0.0875
10 0.6171875 0.44921875 0.096875 0.084375
10 0.62109375 0.58828125 0.096875 0.0828125
3 0.52265625 0.36875 0.0875 0.08125
3 0.52265625 0.525 0.0875 0.08125
6 0.415625 0.375 0.09375 0.203125
8 0.39921875 0.73515625 0.128125 0.065625
4 0.08203125 0.340625 0.121875 0.1453125
11 0.22734375 0.78828125 0.153125 0.0796875
11 0.225 0.94296875 0.153125 0.071875
5 0.0515625 0.83203125 0.06875 0.0734375
5 0.05546875 0.93984375 0.0734375 0.071875