1 0.1 0.09140625 0.0984375 0.14921875
3 0.28359375 0.071875 0.0796875 0.0875
3 0.43515625 0.07265625 0.084375 0.0890625
10 0.3140625 0.38203125 0.08671875 0.096875
10 0.44765625 0.38046875 0.090625 0.09765625
10 0.5875 0.37890625 0.08515625 0.09609375
3 0.3671875 0.4765625 0.08515625 0.0890625
3 0.52421875 0.4796875 0.08125 0.084375
6 0.3765625 0.584375 0.20234375 0.09453125
8 0.7359375 0.60078125 0.06484375 0.12421875
4 0.3421875 0.91796875 0.1421875 0.128125
11 0.7875 0.77578125 0.071875 0.153125
11 0.9421875 0.7765625 0.07734375 0.15625
5 0.83203125 0.9484375 0.0734375 0.071875
5 0.94375 0.94609375 0.07578125 0.06953125