3 0.43515625 0.071875 0.08515625 0.0921875
3 0.690625 0.065625 0.08046875 0.08671875
3 0.36796875 0.475 0.0796875 0.08671875
3 0.52578125 0.47890625 0.08125 0.0859375
10 0.31328125 0.37890625 0.0890625 0.0953125
10 0.4484375 0.37890625 0.08515625 0.09609375
10 0.5890625 0.37890625 0.084375 0.09609375
6 0.37578125 0.584375 0.19921875 0.0921875
8 0.7359375 0.59921875 0.06484375 0.1265625
4 0.34140625 0.9171875 0.14375 0.1265625
11 0.9421875 0.77578125 0.0734375 0.1546875
5 0.9421875 0.94609375 0.06796875 0.07421875