4 0.3953125 0.10625 0.13671875 0.12734375
6 0.3765625 0.4140625 0.20234375 0.09375
3 0.36953125 0.521875 0.08203125 0.0859375
3 0.5265625 0.51953125 0.08359375 0.0859375
10 0.31640625 0.6203125 0.0859375 0.09921875
10 0.446875 0.6203125 0.0859375 0.09765625
10 0.590625 0.6171875 0.08671875 0.09609375
1 0.10234375 0.90625 0.09765625 0.14921875
3 0.28203125 0.92734375 0.084375 0.0859375
3 0.43515625 0.925 0.09140625 0.0859375
8 0.73359375 0.39921875 0.0671875 0.128125
8 0.83203125 0.05 0.07265625 0.0765625
11 0.94296875 0.22109375 0.075 0.15625