1 0.1 0.09296875 0.096875 0.1546875
3 0.28359375 0.07421875 0.084375 0.090625
3 0.43515625 0.07421875 0.0828125 0.0828125
10 0.315625 0.37890625 0.084375 0.0953125
10 0.44765625 0.3796875 0.0875 0.096875
10 0.58828125 0.3796875 0.084375 0.09375
3 0.36875 0.47578125 0.0890625 0.0859375
3 0.525 0.47890625 0.08125 0.0859375
6 0.37578125 0.5859375 0.1984375 0.096875
8 0.73671875 0.60078125 0.0640625 0.1265625
4 0.39765625 0.8890625 0.140625 0.128125
11 0.94140625 0.775 0.078125 0.15625
5 0.83125 0.9484375 0.06875 0.0703125