1 0.10078125 0.09140625 0.09609375 0.1484375
3 0.28203125 0.07265625 0.084375 0.0890625
3 0.4359375 0.07265625 0.08203125 0.08203125
10 0.3140625 0.3796875 0.0875 0.1
10 0.44921875 0.3828125 0.08359375 0.096875
10 0.58828125 0.37890625 0.0828125 0.096875
3 0.36875 0.47734375 0.08203125 0.0875
3 0.525 0.47734375 0.08125 0.0875
6 0.375 0.584375 0.203125 0.09453125
8 0.73515625 0.60078125 0.06640625 0.12890625
4 0.340625 0.91796875 0.1453125 0.12109375
11 0.78828125 0.77265625 0.0796875 0.15234375
11 0.94296875 0.775 0.071875 0.15390625
5 0.83203125 0.9484375 0.0734375 0.06953125
5 0.93984375 0.94453125 0.071875 0.0734375