1 0.22578125 0.20859375 0.14375 0.15625
3 0.04921875 0.103125 0.06328125 0.10625
3 0.05 0.34765625 0.06328125 0.10078125
0 0.57109375 0.1109375 0.10390625 0.16484375
5 0.93984375 0.09765625 0.08671875 0.134375
11 0.8078125 0.303125 0.0515625 0.16171875
6 0.16015625 0.61640625 0.08828125 0.31875
7 0.40859375 0.6375 0.11875 0.19453125
6 0.71171875 0.61328125 0.0859375 0.3125
12 0.9484375 0.66875 0.0625 0.25234375
0 0.06328125 0.91015625 0.0828125 0.1359375
0 0.93203125 0.90859375 0.08515625 0.134375