4 0.07890625 0.659375 0.1265625 0.1390625
6 0.4140625 0.62265625 0.090625 0.2015625
3 0.52109375 0.63046875 0.0890625 0.0828125
3 0.51953125 0.47265625 0.0875 0.084375
10 0.6171875 0.6859375 0.096875 0.0875
10 0.6171875 0.5515625 0.0953125 0.0859375
10 0.61953125 0.41171875 0.096875 0.0875
8 0.39765625 0.2625 0.13125 0.06875
3 0.9234375 0.56171875 0.0875 0.0875
3 0.93203125 0.31171875 0.084375 0.084375
11 0.8921875 0.93984375 0.153125 0.075
5 0.95 0.8625 0.0625 0.0671875
5 0.05 0.05859375 0.06875 0.0703125
11 0.2203125 0.05625 0.15625 0.071875