1 0.09140625 0.9 0.15 0.0984375
3 0.071875 0.71640625 0.0875 0.0796875
3 0.07265625 0.56484375 0.0890625 0.084375
10 0.38203125 0.6859375 0.096875 0.0875
10 0.38046875 0.55234375 0.096875 0.090625
10 0.37890625 0.4125 0.096875 0.084375
3 0.4765625 0.6328125 0.0890625 0.084375
3 0.4796875 0.47578125 0.084375 0.08125
6 0.584375 0.6234375 0.09375 0.203125
8 0.60078125 0.2640625 0.125 0.065625
4 0.91796875 0.6578125 0.128125 0.1421875
11 0.77578125 0.2125 0.153125 0.071875
11 0.7765625 0.0578125 0.15625 0.078125
5 0.9484375 0.16796875 0.071875 0.0734375
5 0.94609375 0.05625 0.06875 0.075