10 0.80625 0.43828125 0.090625 0.16875
10 0.56484375 0.43671875 0.0875 0.16875
10 0.453125 0.4390625 0.0875 0.171875
6 0.6015625 0.87421875 0.1828125 0.14375
7 0.61171875 0.6734375 0.1125 0.19375
12 0.86640625 0.146875 0.0609375 0.2546875
4 0.5375 0.15078125 0.15625 0.240625
3 0.24375 0.47890625 0.0625 0.109375
1 0.1109375 0.440625 0.1328125 0.15625
1 0.1109375 0.28125 0.13125 0.15
1 0.10859375 0.11640625 0.13125 0.1515625
11 0.2625 0.871875 0.053125 0.16875
5 0.053125 0.89921875 0.0765625 0.13125