4 0.39921875 0.10625 0.1421875 0.1265625
4 0.69921875 0.10625 0.14453125 0.12734375
8 0.78515625 0.26484375 0.12265625 0.0640625
6 0.37578125 0.4140625 0.196875 0.096875
3 0.36796875 0.5203125 0.08046875 0.084375
3 0.525 0.521875 0.08359375 0.0828125
10 0.31484375 0.6171875 0.0828125 0.09609375
10 0.4484375 0.61796875 0.0890625 0.09609375
10 0.5890625 0.61953125 0.0828125 0.1
1 0.10234375 0.90546875 0.0953125 0.1484375
3 0.28203125 0.92421875 0.084375 0.08671875
3 0.4359375 0.92421875 0.08203125 0.0859375