4 0.91875 0.34140625 0.128125 0.1421875
5 0.95 0.83125 0.075 0.0765625
5 0.94921875 0.94140625 0.075 0.075
11 0.77734375 0.7875 0.15 0.071875
11 0.778125 0.94453125 0.15625 0.075
6 0.58671875 0.3765625 0.09375 0.203125
3 0.47890625 0.36953125 0.090625 0.0875
3 0.48046875 0.525 0.0875 0.084375
10 0.38203125 0.31796875 0.0953125 0.0875
10 0.38203125 0.44765625 0.09375 0.0875
10 0.3796875 0.5875 0.1015625 0.084375
8 0.603125 0.73671875 0.128125 0.0703125
1 0.09375 0.10078125 0.15 0.1
3 0.075 0.28359375 0.0875 0.084375
3 0.0765625 0.4359375 0.090625 0.0875