4 0.659375 0.92109375 0.1390625 0.1265625
6 0.62265625 0.5859375 0.2015625 0.090625
3 0.63046875 0.47890625 0.0828125 0.0890625
3 0.47265625 0.48046875 0.084375 0.0875
10 0.6859375 0.3828125 0.0875 0.096875
10 0.5515625 0.3828125 0.0859375 0.0953125
10 0.41171875 0.38046875 0.0875 0.096875
8 0.2625 0.60234375 0.06875 0.13125
3 0.56171875 0.0765625 0.0875 0.0875
3 0.31171875 0.06796875 0.084375 0.084375
11 0.93984375 0.1078125 0.075 0.153125
5 0.8625 0.05 0.0671875 0.0640625
5 0.05859375 0.95 0.0703125 0.06875
11 0.05625 0.7796875 0.071875 0.15625