4 0.34140625 0.08125 0.1421875 0.12734375
5 0.83125 0.05 0.0765625 0.075
5 0.94140625 0.05078125 0.07421875 0.07421875
11 0.7875 0.22265625 0.071875 0.15078125
11 0.94453125 0.221875 0.07421875 0.15625
6 0.3765625 0.41328125 0.20390625 0.09375
3 0.36953125 0.52109375 0.0875 0.08984375
3 0.525 0.51953125 0.08359375 0.0875
10 0.31796875 0.61796875 0.0875 0.0953125
10 0.44765625 0.61796875 0.08671875 0.09375
10 0.5875 0.6203125 0.08515625 0.1015625
8 0.73671875 0.396875 0.0703125 0.12734375
1 0.10078125 0.90625 0.09921875 0.15078125
3 0.28359375 0.925 0.08359375 0.08828125
3 0.4359375 0.9234375 0.0875 0.08984375