1 0.90703125 0.1 0.1546875 0.096875
3 0.92578125 0.28359375 0.090625 0.084375
3 0.92578125 0.43515625 0.0828125 0.0828125
10 0.62109375 0.315625 0.0953125 0.084375
10 0.6203125 0.44765625 0.096875 0.0875
10 0.6203125 0.58828125 0.09375 0.084375
3 0.52421875 0.36875 0.0859375 0.0890625
3 0.52109375 0.525 0.0859375 0.08125
6 0.4140625 0.37578125 0.096875 0.1984375
8 0.39921875 0.73671875 0.1265625 0.0640625
4 0.1109375 0.39765625 0.128125 0.140625
11 0.225 0.94140625 0.15625 0.0796875
5 0.0515625 0.83125 0.0703125 0.06875