4 0.21796875 0.1375 0.125 0.17734375
6 0.121875 0.45078125 0.06875 0.23828125
7 0.21484375 0.45390625 0.0828125 0.1296875
10 0.21953125 0.63671875 0.0671875 0.11328125
3 0.1171875 0.9234375 0.06171875 0.09765625
1 0.31953125 0.7 0.103125 0.11328125
5 0.47421875 0.36796875 0.05390625 0.084375
11 0.7234375 0.365625 0.10703125 0.08828125
5 0.915625 0.36640625 0.053125 0.08671875
7 0.5296875 0.6125 0.08359375 0.12734375
4 0.52890625 0.775 0.1140625 0.19765625
5 0.440625 0.9421875 0.05078125 0.07890625
8 0.61015625 0.9453125 0.0875 0.07421875
1 0.9 0.6421875 0.10390625 0.11484375
1 0.91328125 0.909375 0.10859375 0.1125