10 0.77734375 0.9 0.128125 0.08125
10 0.575 0.8140625 0.11875 0.084375
10 0.328125 0.90625 0.1265625 0.078125
7 0.5515625 0.91796875 0.15 0.096875
11 0.8921875 0.665625 0.1015625 0.1328125
11 0.5984375 0.665625 0.1015625 0.134375
5 0.928125 0.50546875 0.103125 0.0625
5 0.5703125 0.50390625 0.096875 0.065625
4 0.16484375 0.55859375 0.1703125 0.1296875
8 0.3828125 0.36171875 0.175 0.0625
1 0.778125 0.1046875 0.2015625 0.090625
1 0.1625 0.11640625 0.1984375 0.0921875
3 0.76796875 0.23359375 0.109375 0.075