4 0.13828125 0.834375 0.140625 0.1296875
4 0.13984375 0.67578125 0.1390625 0.134375
4 0.1421875 0.31328125 0.14375 0.13125
8 0.18984375 0.9609375 0.1140625 0.0515625
8 0.19921875 0.05703125 0.1140625 0.0546875
3 0.40390625 0.93671875 0.0875 0.065625
10 0.653125 0.90078125 0.0890625 0.0640625
10 0.65703125 0.8265625 0.0890625 0.065625
3 0.7671875 0.865625 0.08125 0.0625
10 0.88515625 0.90078125 0.090625 0.065625
10 0.88671875 0.8125 0.09375 0.065625
1 0.465625 0.53359375 0.09375 0.1078125
1 0.6484375 0.5203125 0.0875 0.1078125
3 0.465625 0.3765625 0.078125 0.0609375
5 0.459375 0.20234375 0.065625 0.05625
11 0.6140625 0.06875 0.140625 0.0625