10 0.44921875 0.08046875 0.1015625 0.090625
3 0.609375 0.1609375 0.09296875 0.0921875
3 0.4484375 0.221875 0.09140625 0.0875
6 0.74453125 0.15859375 0.09453125 0.21484375
11 0.29453125 0.61484375 0.15703125 0.08203125
5 0.06171875 0.64765625 0.071875 0.07421875
10 0.5109375 0.51171875 0.09765625 0.09765625
3 0.8125 0.5765625 0.08984375 0.08828125
12 0.93125 0.62265625 0.059375 0.1390625
1 0.09375 0.8640625 0.1046875 0.15703125
7 0.25859375 0.8890625 0.11953125 0.11953125
10 0.90390625 0.79921875 0.103125 0.09453125
10 0.90078125 0.9234375 0.10546875 0.08984375