0 0.9234375 0.896875 0.075 0.090625
3 0.890625 0.08125 0.06875 0.0890625
8 0.721875 0.953125 0.096875 0.065625
7 0.60546875 0.8796875 0.0921875 0.1078125
1 0.7046875 0.6984375 0.0796875 0.14375
10 0.596875 0.709375 0.0703125 0.09375
10 0.38046875 0.70859375 0.071875 0.0953125
0 0.5859375 0.5078125 0.075 0.0921875
0 0.3765625 0.49453125 0.075 0.0921875
11 0.7375 0.10859375 0.0609375 0.146875
5 0.61015625 0.0796875 0.0578125 0.075
6 0.18125 0.89765625 0.1625 0.0875
3 0.1828125 0.7828125 0.0671875 0.084375
3 0.18046875 0.596875 0.06875 0.084375
3 0.1828125 0.4046875 0.071875 0.08125
0 0.1796875 0.19609375 0.078125 0.0921875