4 0.14765625 0.78828125 0.165625 0.1421875
8 0.07734375 0.94921875 0.1140625 0.0671875
8 0.20234375 0.95234375 0.115625 0.0609375
1 0.36328125 0.90625 0.09375 0.1328125
1 0.5390625 0.9 0.09375 0.1359375
10 0.45 0.7625 0.084375 0.090625
11 0.2390625 0.45546875 0.1390625 0.06875
11 0.2484375 0.171875 0.140625 0.06875
3 0.29140625 0.0640625 0.08125 0.075
5 0.0546875 0.45625 0.0625 0.071875
5 0.05859375 0.2828125 0.06875 0.0671875
5 0.05703125 0.15 0.0671875 0.0671875
7 0.53671875 0.31015625 0.10625 0.103125
6 0.784375 0.92734375 0.1921875 0.0875
3 0.7828125 0.67890625 0.08125 0.078125
10 0.82265625 0.49140625 0.096875 0.0859375