1 0.11484375 0.09765625 0.175 0.11875
3 0.11328125 0.2578125 0.103125 0.09296875
1 0.66640625 0.08046875 0.175 0.11328125
3 0.81328125 0.19765625 0.09609375 0.0984375
11 0.30859375 0.546875 0.084375 0.16875
5 0.39140625 0.45078125 0.07734375 0.0828125
5 0.3953125 0.63125 0.07890625 0.07421875
3 0.675 0.63828125 0.10390625 0.1015625
10 0.80546875 0.63828125 0.11015625 0.09921875
6 0.71875 0.796875 0.24375 0.1046875
4 0.21796875 0.80234375 0.20859375 0.17265625
8 0.11171875 0.94140625 0.1453125 0.07421875