6 0.15 0.09453125 0.15078125 0.1
3 0.15078125 0.23203125 0.06171875 0.0890625
1 0.0796875 0.38671875 0.1125 0.10625
8 0.04375 0.678125 0.05078125 0.1296875
4 0.178125 0.74921875 0.134375 0.16953125
8 0.0703125 0.928125 0.09609375 0.07578125
1 0.425 0.62578125 0.1140625 0.10546875
3 0.41953125 0.78984375 0.06796875 0.09453125
1 0.4203125 0.9265625 0.11484375 0.10234375
5 0.7265625 0.6453125 0.0546875 0.08046875
11 0.94765625 0.70390625 0.0578125 0.16015625
11 0.80390625 0.9171875 0.115625 0.08203125