1 0.121875 0.8703125 0.1734375 0.084375
1 0.12265625 0.73203125 0.1703125 0.0875
3 0.4109375 0.9265625 0.09375 0.071875
10 0.4046875 0.66640625 0.10625 0.075
3 0.078125 0.28984375 0.09375 0.075
3 0.08203125 0.12890625 0.096875 0.0703125
4 0.2359375 0.20234375 0.1625 0.109375
11 0.5828125 0.92109375 0.084375 0.13125
11 0.58359375 0.68046875 0.0875 0.13125
5 0.675 0.9375 0.084375 0.071875
8 0.93203125 0.91015625 0.0765625 0.10625
4 0.89140625 0.75859375 0.146875 0.125
6 0.65625 0.45625 0.2359375 0.08125
6 0.659375 0.18828125 0.2390625 0.08125
7 0.63828125 0.321875 0.128125 0.1
10 0.8578125 0.31328125 0.1125 0.0765625