11 0.0703125 0.11171875 0.06796875 0.146875
9 0.2015625 0.26015625 0.06796875 0.08984375
1 0.77734375 0.0859375 0.14375 0.09453125
1 0.7703125 0.66796875 0.140625 0.08984375
3 0.81484375 0.365625 0.0796875 0.0828125
6 0.07890625 0.57734375 0.08671875 0.1890625
7 0.22109375 0.57421875 0.1078125 0.10390625
3 0.38984375 0.57421875 0.08125 0.08359375
10 0.52578125 0.45234375 0.0921875 0.08515625
10 0.5421875 0.6890625 0.09296875 0.0875
4 0.1234375 0.8796875 0.13203125 0.134375
4 0.315625 0.878125 0.121875 0.1328125
4 0.53125 0.88046875 0.12265625 0.1328125
8 0.84375 0.88984375 0.06484375 0.1203125