11 0.86796875 0.10703125 0.16875 0.1
11 0.86796875 0.40390625 0.1703125 0.1
5 0.6546875 0.06875 0.078125 0.0921875
5 0.65625 0.43359375 0.08125 0.0953125
3 0.30078125 0.1171875 0.096875 0.1125
3 0.3015625 0.29921875 0.1 0.1125
1 0.13125 0.22421875 0.11875 0.1984375
10 0.83359375 0.81171875 0.1109375 0.11875
10 0.67421875 0.60234375 0.1 0.1328125
10 0.54140625 0.7953125 0.10625 0.1265625
7 0.67734375 0.81328125 0.125 0.146875
4 0.13671875 0.69765625 0.159375 0.165625
8 0.065625 0.884375 0.0765625 0.1625