10 0.30390625 0.12734375 0.07734375 0.0796875
10 0.39453125 0.128125 0.078125 0.08203125
3 0.3578125 0.24765625 0.075 0.08203125
3 0.8765625 0.1734375 0.075 0.07421875
10 0.8421875 0.28046875 0.08046875 0.08203125
10 0.9359375 0.28046875 0.07890625 0.0859375
1 0.56328125 0.50234375 0.13359375 0.08828125
1 0.58359375 0.67578125 0.13046875 0.084375
3 0.75546875 0.50546875 0.078125 0.07265625
4 0.23125 0.47578125 0.15234375 0.13046875
3 0.07734375 0.4484375 0.07890625 0.071875
8 0.053125 0.56953125 0.05859375 0.10390625
5 0.390625 0.6375 0.0640625 0.06015625
11 0.3921875 0.76640625 0.065625 0.128125