4 0.5359375 0.7546875 0.159375 0.228125
12 0.63515625 0.5953125 0.053125 0.165625
11 0.29453125 0.9046875 0.15625 0.096875
3 0.18671875 0.79921875 0.0859375 0.1078125
3 0.13515625 0.65078125 0.0859375 0.1109375
5 0.3453125 0.63359375 0.0765625 0.1
3 0.73125 0.6515625 0.084375 0.10625
10 0.85078125 0.6984375 0.096875 0.1109375
1 0.7453125 0.88046875 0.1015625 0.1875
6 0.88828125 0.29453125 0.09375 0.2625
7 0.61328125 0.28515625 0.11875 0.1390625
10 0.4078125 0.36640625 0.1078125 0.1140625
10 0.4078125 0.22421875 0.103125 0.1140625
3 0.246875 0.29921875 0.090625 0.10625
6 0.1234375 0.29765625 0.096875 0.2578125