7 0.88828125 0.34921875 0.1078125 0.115625
1 0.6984375 0.203125 0.146875 0.103125
10 0.70859375 0.3390625 0.096875 0.0890625
0 0.50703125 0.353125 0.090625 0.0890625
8 0.725 0.58671875 0.065625 0.1234375
7 0.50703125 0.59921875 0.109375 0.1109375
11 0.10625 0.16328125 0.1453125 0.078125
5 0.08046875 0.32265625 0.06875 0.071875
6 0.89765625 0.8609375 0.096875 0.2046875
3 0.78515625 0.8609375 0.0828125 0.0890625
3 0.59765625 0.8640625 0.084375 0.0890625
3 0.4046875 0.86015625 0.0875 0.09375
0 0.19609375 0.86640625 0.1 0.0921875