6 0.32265625 0.73671875 0.26875 0.096875
6 0.3125 0.503125 0.265625 0.09375
3 0.30703125 0.5984375 0.115625 0.0875
3 0.30625 0.3234375 0.1046875 0.0859375
1 0.4265625 0.2859375 0.121875 0.153125
0 0.428125 0.1234375 0.1125 0.0984375
11 0.58671875 0.909375 0.09375 0.1515625
11 0.58671875 0.75546875 0.1 0.1515625
9 0.92578125 0.9109375 0.1 0.0953125
8 0.93359375 0.63046875 0.090625 0.1328125
8 0.92890625 0.453125 0.0875 0.128125
4 0.78046875 0.19609375 0.203125 0.184375
12 0.5609375 0.09375 0.071875 0.1296875