10 0.1625 0.09453125 0.0859375 0.09765625
6 0.33203125 0.2421875 0.1953125 0.096875
0 0.609375 0.23046875 0.0890625 0.09296875
0 0.61640625 0.50625 0.0875 0.0953125
10 0.33125 0.49765625 0.08671875 0.096875
7 0.33359375 0.37578125 0.115625 0.11875
3 0.78125 0.26640625 0.0828125 0.09375
3 0.784375 0.40859375 0.084375 0.09453125
1 0.91875 0.27734375 0.1 0.15234375
11 0.16015625 0.89609375 0.07578125 0.15390625
5 0.3171875 0.92109375 0.07421875 0.06953125
7 0.9203125 0.69765625 0.10390625 0.11796875
8 0.94140625 0.90703125 0.0671875 0.12734375