4 0.21953125 0.8046875 0.209375 0.184375
12 0.440625 0.90859375 0.0703125 0.1328125
8 0.06796875 0.5453125 0.0890625 0.128125
8 0.065625 0.3734375 0.0828125 0.125
9 0.07421875 0.09140625 0.0953125 0.09375
0 0.56953125 0.8796875 0.1171875 0.09375
1 0.5765625 0.7140625 0.125 0.159375
3 0.696875 0.6765625 0.109375 0.084375
6 0.6890625 0.49765625 0.2703125 0.096875
6 0.678125 0.2671875 0.2625 0.09375
3 0.69296875 0.4046875 0.1203125 0.090625
11 0.4125 0.24453125 0.1078125 0.15
11 0.4140625 0.09375 0.109375 0.15