1 0.9328125 0.74375 0.10625 0.1
1 0.93046875 0.58046875 0.1046875 0.1
3 0.7734375 0.66875 0.065625 0.084375
10 0.703125 0.8296875 0.071875 0.09375
10 0.3984375 0.24609375 0.06875 0.0875
3 0.21328125 0.06328125 0.0625 0.0875
3 0.81328125 0.0796875 0.0625 0.090625
6 0.68046875 0.25546875 0.06875 0.203125
4 0.5484375 0.2390625 0.128125 0.153125
4 0.1890625 0.70390625 0.125 0.15625
12 0.29453125 0.846875 0.109375 0.0625
8 0.06640625 0.4828125 0.090625 0.0703125
11 0.5203125 0.58046875 0.1109375 0.078125
5 0.52265625 0.69609375 0.05625 0.071875