11 0.84296875 0.209375 0.1828125 0.0796875
5 0.865625 0.0546875 0.084375 0.071875
9 0.60078125 0.24375 0.109375 0.075
3 0.925 0.36484375 0.0984375 0.0875
3 0.578125 0.3578125 0.1015625 0.084375
1 0.90859375 0.5078125 0.11875 0.1546875
3 0.75 0.52578125 0.096875 0.090625
1 0.6 0.5015625 0.11875 0.153125
8 0.89609375 0.7546875 0.1484375 0.0765625
4 0.75234375 0.896875 0.1734375 0.134375
3 0.43046875 0.06171875 0.1 0.0875
6 0.34296875 0.25234375 0.24375 0.090625
6 0.16171875 0.48125 0.109375 0.21875
7 0.375 0.4765625 0.13125 0.11875
7 0.34140625 0.7203125 0.24375 0.0984375
3 0.07578125 0.934375 0.096875 0.090625