6 0.53046875 0.896875 0.215625 0.109375
10 0.74296875 0.73046875 0.10625 0.103125
7 0.51640625 0.7109375 0.115625 0.13125
10 0.25625 0.73046875 0.103125 0.1125
3 0.07109375 0.89296875 0.090625 0.10625
3 0.06484375 0.703125 0.0921875 0.1046875
1 0.92109375 0.1265625 0.1078125 0.1859375
3 0.8234375 0.09609375 0.0875 0.103125
1 0.7296875 0.12734375 0.1046875 0.184375
12 0.39375 0.128125 0.075 0.2125
7 0.31015625 0.29453125 0.1265625 0.1375
5 0.05703125 0.35078125 0.078125 0.0953125
11 0.0703125 0.14296875 0.078125 0.18125