10 0.9203125 0.9234375 0.090625 0.115625
4 0.84375 0.7578125 0.13125 0.171875
8 0.7453125 0.6 0.071875 0.1515625
11 0.246875 0.87890625 0.078125 0.18125
11 0.0578125 0.88046875 0.08125 0.178125
5 0.246875 0.66796875 0.075 0.0953125
9 0.0546875 0.6171875 0.0765625 0.109375
6 0.91328125 0.25625 0.1 0.25
7 0.753125 0.2625 0.115625 0.13125
3 0.58046875 0.4125 0.0984375 0.103125
3 0.57421875 0.08046875 0.0921875 0.10625
0 0.4109375 0.41171875 0.0953125 0.109375
0 0.4125 0.09140625 0.0984375 0.109375
1 0.109375 0.36640625 0.1609375 0.1171875
1 0.10546875 0.20078125 0.159375 0.1234375