1 0.1359375 0.9328125 0.109375 0.1078125
1 0.31875 0.9328125 0.109375 0.1078125
3 0.21171875 0.76015625 0.096875 0.0609375
10 0.465625 0.69375 0.1046875 0.06875
10 0.76640625 0.80859375 0.221875 0.0671875
3 0.90234375 0.7140625 0.096875 0.0625
11 0.68125 0.63984375 0.1671875 0.0546875
5 0.71875 0.35625 0.078125 0.0515625
3 0.92578125 0.2515625 0.09375 0.065625
4 0.2359375 0.27734375 0.19375 0.109375
0 0.071875 0.32734375 0.1 0.0671875
8 0.44921875 0.33125 0.134375 0.053125
5 0.19453125 0.0375 0.078125 0.0515625