10 0.4453125 0.075 0.10703125 0.08671875
3 0.44609375 0.2015625 0.090625 0.08515625
3 0.60625 0.14453125 0.08984375 0.08203125
6 0.746875 0.1453125 0.0953125 0.2
10 0.084375 0.5328125 0.10703125 0.0859375
12 0.24375 0.5953125 0.13828125 0.0546875
7 0.575 0.4796875 0.11640625 0.10625
5 0.0796875 0.82578125 0.07421875 0.0734375
11 0.30234375 0.83984375 0.15859375 0.078125
1 0.559375 0.784375 0.1078125 0.15
3 0.77734375 0.7953125 0.0890625 0.08046875
10 0.90390625 0.725 0.1 0.0875
10 0.9046875 0.84296875 0.10078125 0.0859375