3 0.9265625 0.82265625 0.090625 0.0828125
0 0.7578125 0.81484375 0.1 0.0953125
0 0.08671875 0.82109375 0.09375 0.0859375
4 0.89140625 0.46171875 0.178125 0.153125
12 0.71953125 0.68515625 0.1328125 0.053125
8 0.54765625 0.68125 0.1359375 0.06875
11 0.26953125 0.6671875 0.1625 0.0734375
9 0.2234375 0.421875 0.1 0.0734375
9 0.09375 0.421875 0.096875 0.0734375
1 0.8265625 0.26015625 0.1125 0.1453125
4 0.57890625 0.25 0.184375 0.1515625
3 0.40546875 0.22578125 0.09375 0.090625
6 0.26875 0.2328125 0.1046875 0.196875