0 0.91171875 0.05546875 0.103125 0.06875
4 0.75078125 0.10859375 0.190625 0.11875
8 0.53515625 0.0484375 0.134375 0.0515625
11 0.8875 0.25859375 0.1640625 0.05625
5 0.79296875 0.36171875 0.078125 0.05625
1 0.84765625 0.74765625 0.109375 0.1140625
1 0.6671875 0.74765625 0.1125 0.1125
3 0.7765625 0.93046875 0.096875 0.0703125
6 0.31015625 0.33046875 0.21875 0.071875
3 0.31015625 0.42578125 0.096875 0.06875
3 0.31015625 0.503125 0.0921875 0.06875
3 0.31015625 0.5796875 0.09375 0.0625
6 0.31328125 0.69453125 0.225 0.06875