4 0.21015625 0.13046875 0.1625 0.134375
4 0.409375 0.1359375 0.1671875 0.1390625
8 0.05078125 0.18203125 0.0640625 0.10625
1 0.8984375 0.0765625 0.1390625 0.084375
3 0.9078125 0.253125 0.08125 0.078125
6 0.1625 0.58203125 0.190625 0.084375
3 0.1703125 0.68984375 0.084375 0.0765625
10 0.12890625 0.80390625 0.08125 0.0859375
10 0.2359375 0.803125 0.084375 0.0875
5 0.62109375 0.4421875 0.06875 0.0609375
5 0.7515625 0.446875 0.0734375 0.065625
11 0.74765625 0.60234375 0.075 0.134375
11 0.88046875 0.5984375 0.06875 0.128125