10 0.0921875 0.159375 0.1015625 0.084375
10 0.09140625 0.2734375 0.1015625 0.084375
3 0.21796875 0.203125 0.09375 0.084375
1 0.43828125 0.2109375 0.103125 0.146875
7 0.41875 0.51796875 0.11875 0.1078125
11 0.6921875 0.159375 0.1625 0.075
5 0.91796875 0.1734375 0.0734375 0.0703125
12 0.75 0.4046875 0.1375 0.0546875
10 0.9125 0.46640625 0.1 0.090625
6 0.24765625 0.8578125 0.0953125 0.2015625
3 0.38984375 0.8546875 0.096875 0.0875
3 0.5515625 0.79765625 0.09375 0.0828125
10 0.55078125 0.92578125 0.1046875 0.0859375