6 0.909375 0.78828125 0.096875 0.1984375
3 0.78515625 0.790625 0.090625 0.0875
10 0.35625 0.84609375 0.10625 0.084375
10 0.3515625 0.7375 0.1015625 0.090625
12 0.9359375 0.56796875 0.053125 0.1265625
3 0.815625 0.52421875 0.09375 0.0828125
7 0.25 0.50625 0.11875 0.109375
6 0.11484375 0.52734375 0.1015625 0.1984375
5 0.659375 0.27421875 0.075 0.075
11 0.71015625 0.07265625 0.1609375 0.075
3 0.27109375 0.2609375 0.0921875 0.084375
4 0.46484375 0.18359375 0.1625 0.171875
1 0.25625 0.0921875 0.1109375 0.1453125