11 0.709375 0.06953125 0.15625 0.071875
4 0.465625 0.18359375 0.165625 0.175
1 0.25390625 0.0921875 0.10625 0.14375
3 0.271875 0.26015625 0.090625 0.084375
3 0.815625 0.52421875 0.090625 0.0828125
12 0.9328125 0.5671875 0.053125 0.1203125
5 0.65390625 0.27421875 0.071875 0.071875
7 0.2515625 0.503125 0.1171875 0.1046875
6 0.11328125 0.5265625 0.096875 0.196875
6 0.90625 0.78515625 0.103125 0.1984375
3 0.7859375 0.78671875 0.0875 0.0828125
10 0.34921875 0.734375 0.1 0.084375
10 0.3515625 0.8421875 0.1 0.0875