10 0.22265625 0.1 0.12734375 0.08046875
10 0.425 0.1859375 0.11875 0.08515625
10 0.671875 0.09375 0.1265625 0.07890625
7 0.4484375 0.08203125 0.15078125 0.096875
11 0.1078125 0.334375 0.1015625 0.1328125
11 0.4015625 0.334375 0.1015625 0.13515625
5 0.071875 0.49453125 0.103125 0.0625
5 0.4296875 0.49609375 0.09609375 0.06484375
4 0.83515625 0.44140625 0.1703125 0.12890625
8 0.6171875 0.63828125 0.175 0.06328125
1 0.221875 0.8953125 0.2015625 0.08984375
1 0.8375 0.88359375 0.1984375 0.09140625
3 0.23203125 0.76640625 0.11015625 0.07421875