4 0.8140625 0.4625 0.175 0.159375
3 0.73828125 0.26875 0.084375 0.0984375
1 0.9109375 0.253125 0.14375 0.109375
11 0.928125 0.70859375 0.071875 0.16875
5 0.72890625 0.65390625 0.0671875 0.075
6 0.46796875 0.11328125 0.2015625 0.103125
7 0.496875 0.24921875 0.1109375 0.115625
3 0.4734375 0.81328125 0.084375 0.09375
12 0.4328125 0.93359375 0.121875 0.0609375
10 0.265625 0.346875 0.0875 0.10625
10 0.15625 0.34765625 0.084375 0.1046875
3 0.21328125 0.78359375 0.0859375 0.09375
6 0.21484375 0.90625 0.2 0.10625