3 0.2890625 0.1875 0.1109375 0.0890625
10 0.37578125 0.32734375 0.11953125 0.10546875
10 0.3859375 0.715625 0.11171875 0.09765625
10 0.2390625 0.5015625 0.12578125 0.2140625
7 0.37890625 0.490625 0.1453125 0.11953125
3 0.27890625 0.8171875 0.115625 0.090625
11 0.6078125 0.0609375 0.19765625 0.08046875
5 0.9234375 0.09375 0.09296875 0.07578125
9 0.92421875 0.2703125 0.10234375 0.09765625
1 0.61796875 0.4 0.19453125 0.10625
1 0.66953125 0.603125 0.19609375 0.10234375
7 0.86171875 0.4890625 0.14609375 0.1125
4 0.73828125 0.81328125 0.2046875 0.184375
5 0.9265625 0.75078125 0.08828125 0.07421875
8 0.92890625 0.91328125 0.09296875 0.1265625