1 0.9296875 0.121875 0.10625 0.1875
1 0.6796875 0.14140625 0.109375 0.19375
3 0.91953125 0.39375 0.1 0.1125
3 0.684375 0.4140625 0.096875 0.1125
11 0.934375 0.87890625 0.084375 0.1921875
5 0.82890625 0.66796875 0.075 0.1
8 0.6875 0.58671875 0.1359375 0.084375
7 0.68671875 0.83125 0.125 0.14375
10 0.421875 0.7609375 0.109375 0.115625
10 0.309375 0.88515625 0.096875 0.121875
10 0.30859375 0.6296875 0.096875 0.121875
10 0.18828125 0.77421875 0.1078125 0.1171875
10 0.11171875 0.365625 0.096875 0.13125
3 0.30859375 0.75859375 0.09375 0.109375