6 0.265625 0.23515625 0.10078125 0.19921875
3 0.403125 0.22421875 0.09765625 0.090625
4 0.575 0.24921875 0.184375 0.14765625
1 0.82421875 0.25859375 0.10703125 0.15
9 0.08984375 0.421875 0.096875 0.07421875
9 0.221875 0.42109375 0.0984375 0.07265625
11 0.26640625 0.66484375 0.1625 0.0765625
4 0.8890625 0.46171875 0.1828125 0.15234375
12 0.71640625 0.684375 0.13671875 0.05234375
8 0.54609375 0.68125 0.1359375 0.0671875
3 0.0828125 0.82265625 0.09453125 0.084375
3 0.92421875 0.82109375 0.09375 0.08828125
0 0.75703125 0.81484375 0.0984375 0.09375