1 0.78515625 0.0671875 0.1 0.10625
1 0.621875 0.0671875 0.09375 0.1078125
3 0.7203125 0.23828125 0.0875 0.059375
10 0.48671875 0.30625 0.096875 0.065625
3 0.23828125 0.28046875 0.0875 0.0609375
3 0.23203125 0.3515625 0.0875 0.0625
3 0.23125 0.41875 0.0859375 0.0609375
6 0.240625 0.4953125 0.20625 0.06875
6 0.2421875 0.1890625 0.2046875 0.06875
4 0.70546875 0.83125 0.178125 0.1140625
0 0.84453125 0.67578125 0.0921875 0.06875
8 0.49921875 0.66875 0.1234375 0.05
8 0.484375 0.946875 0.1296875 0.05
11 0.19453125 0.678125 0.15 0.05625
5 0.05390625 0.803125 0.06875 0.05625