4 0.4640625 0.2453125 0.159375 0.228125
12 0.36484375 0.4046875 0.053125 0.165625
11 0.70546875 0.0953125 0.15625 0.096875
3 0.81328125 0.20078125 0.0859375 0.1078125
3 0.86484375 0.34921875 0.084375 0.1109375
5 0.6546875 0.36640625 0.075 0.1
3 0.26875 0.3484375 0.084375 0.10625
10 0.14921875 0.3015625 0.096875 0.1109375
1 0.2546875 0.11953125 0.1015625 0.1875
6 0.11171875 0.70546875 0.09375 0.2625
7 0.38671875 0.71484375 0.11875 0.1390625
10 0.5921875 0.63359375 0.1078125 0.1140625
10 0.5921875 0.77578125 0.103125 0.1140625
3 0.753125 0.70078125 0.090625 0.10625
6 0.8765625 0.70234375 0.096875 0.2578125