4 0.21796875 0.1375 0.125 0.178125
6 0.121875 0.45078125 0.06875 0.2375
7 0.21484375 0.45390625 0.0828125 0.1296875
10 0.21953125 0.63671875 0.0671875 0.1125
3 0.1171875 0.9234375 0.0625 0.096875
1 0.31953125 0.7 0.103125 0.1125
5 0.47421875 0.36796875 0.053125 0.084375
11 0.7234375 0.365625 0.10625 0.0875
5 0.915625 0.36640625 0.053125 0.0875
7 0.5296875 0.6125 0.084375 0.128125
4 0.52890625 0.775 0.1140625 0.196875
5 0.440625 0.9421875 0.05 0.078125
8 0.61015625 0.9453125 0.0875 0.075
1 0.9 0.6421875 0.103125 0.115625
1 0.91328125 0.909375 0.109375 0.1125