6 0.66796875 0.9046875 0.2 0.109375
0 0.38828125 0.91640625 0.0890625 0.109375
0 0.3828125 0.5859375 0.0875 0.109375
10 0.66875 0.59765625 0.084375 0.1140625
3 0.66328125 0.4140625 0.08125 0.1015625
1 0.83828125 0.1375 0.0953125 0.184375
1 0.66796875 0.08203125 0.078125 0.103125
11 0.24765625 0.38203125 0.071875 0.18125
11 0.06171875 0.384375 0.071875 0.1828125
5 0.06328125 0.09375 0.0703125 0.084375
7 0.66796875 0.746875 0.1125 0.134375
8 0.05703125 0.89609375 0.0671875 0.15
12 0.0546875 0.64765625 0.0671875 0.2125