7 0.11171875 0.65078125 0.1078125 0.115625
1 0.3015625 0.796875 0.146875 0.103125
10 0.29140625 0.6609375 0.096875 0.0890625
0 0.49296875 0.646875 0.090625 0.0890625
8 0.275 0.41328125 0.065625 0.1234375
7 0.49296875 0.40078125 0.109375 0.1109375
11 0.89375 0.83671875 0.1453125 0.0796875
5 0.91953125 0.67734375 0.06875 0.071875
6 0.10234375 0.1390625 0.096875 0.2046875
3 0.21484375 0.1390625 0.0828125 0.0890625
3 0.40234375 0.1359375 0.084375 0.0875
3 0.5953125 0.13984375 0.0875 0.09375
0 0.80390625 0.13359375 0.1 0.0921875