3 0.7109375 0.8125 0.1109375 0.0890625
10 0.62421875 0.67265625 0.11875 0.10625
10 0.6140625 0.284375 0.1125 0.096875
10 0.7609375 0.4984375 0.125 0.2140625
7 0.62109375 0.509375 0.1453125 0.11875
3 0.72109375 0.1828125 0.115625 0.090625
11 0.3921875 0.9390625 0.1984375 0.08125
5 0.0765625 0.90625 0.09375 0.075
9 0.07578125 0.7296875 0.103125 0.096875
1 0.38203125 0.6 0.19375 0.10625
1 0.33046875 0.396875 0.196875 0.103125
7 0.13828125 0.5109375 0.146875 0.1125
4 0.26171875 0.18671875 0.2046875 0.184375
5 0.0734375 0.24921875 0.0890625 0.075
8 0.07109375 0.08671875 0.09375 0.1265625