1 0.13984375 0.259375 0.14296875 0.10078125
1 0.1328125 0.47421875 0.14140625 0.10078125
3 0.525 0.18359375 0.08125 0.0859375
3 0.7859375 0.21484375 0.08515625 0.08984375
3 0.321875 0.4828125 0.0796875 0.090625
6 0.7859375 0.09140625 0.19609375 0.09453125
12 0.5671875 0.0671875 0.1234375 0.06171875
5 0.32734375 0.6640625 0.0671875 0.0703125
11 0.0703125 0.72109375 0.07421875 0.15703125
7 0.50390625 0.746875 0.10625 0.11171875
6 0.528125 0.88671875 0.2 0.0953125
10 0.73203125 0.64765625 0.0859375 0.1
10 0.84140625 0.6484375 0.084375 0.10078125