11 0.209375 0.15703125 0.0796875 0.1828125
5 0.0546875 0.134375 0.07265625 0.08359375
9 0.24375 0.39921875 0.075 0.109375
3 0.36484375 0.075 0.0875 0.0984375
3 0.3578125 0.421875 0.08515625 0.1015625
1 0.5078125 0.09140625 0.1546875 0.11953125
3 0.52578125 0.25 0.090625 0.09765625
1 0.5015625 0.4 0.153125 0.11953125
8 0.7546875 0.10390625 0.07578125 0.1484375
4 0.896875 0.24765625 0.134375 0.1734375
3 0.06171875 0.56953125 0.0875 0.10078125
6 0.25234375 0.65703125 0.090625 0.24375
6 0.48125 0.83828125 0.21875 0.11015625
7 0.4765625 0.625 0.11875 0.13125
7 0.7203125 0.65859375 0.0984375 0.24296875
3 0.934375 0.92421875 0.090625 0.096875