6 0.090625 0.21171875 0.09765625 0.1984375
3 0.21484375 0.209375 0.09140625 0.0875
10 0.64375 0.15390625 0.10546875 0.084375
10 0.6484375 0.2625 0.10234375 0.08984375
12 0.0640625 0.43203125 0.053125 0.1265625
3 0.184375 0.47578125 0.09453125 0.08203125
7 0.75 0.49375 0.11875 0.109375
6 0.88515625 0.47265625 0.1015625 0.1984375
5 0.340625 0.72578125 0.075 0.075
11 0.28984375 0.92734375 0.1609375 0.07421875
3 0.72890625 0.7390625 0.0921875 0.084375
4 0.53515625 0.81640625 0.16171875 0.17109375
1 0.74375 0.9078125 0.1109375 0.1453125