6 0.840625 0.74921875 0.215625 0.09375
3 0.8421875 0.60859375 0.090625 0.0875
3 0.778125 0.4515625 0.090625 0.0875
10 0.9203125 0.4515625 0.09375 0.1
3 0.4234375 0.8171875 0.0953125 0.0921875
10 0.48984375 0.515625 0.103125 0.10625
10 0.20390625 0.9078125 0.09375 0.1
10 0.07890625 0.909375 0.096875 0.1
11 0.38671875 0.29921875 0.0796875 0.159375
5 0.353125 0.0625 0.08125 0.071875
7 0.11484375 0.26171875 0.11875 0.1171875
1 0.13671875 0.09609375 0.159375 0.103125
12 0.37578125 0.9328125 0.140625 0.05625