6 0.46953125 0.103125 0.21484375 0.10859375
10 0.25703125 0.26953125 0.10703125 0.103125
7 0.48359375 0.2890625 0.11640625 0.13125
10 0.74375 0.26953125 0.103125 0.11171875
3 0.92890625 0.10703125 0.090625 0.10625
3 0.93515625 0.296875 0.0921875 0.1046875
1 0.07890625 0.8734375 0.1078125 0.1859375
3 0.1765625 0.90390625 0.08671875 0.10234375
1 0.2703125 0.87265625 0.1046875 0.184375
12 0.60625 0.871875 0.07421875 0.21171875
7 0.68984375 0.70546875 0.1265625 0.13671875
5 0.94296875 0.64921875 0.078125 0.0953125
11 0.9296875 0.85703125 0.07734375 0.18125