6 0.159375 0.25078125 0.215625 0.09296875
3 0.1578125 0.39140625 0.08984375 0.0875
3 0.221875 0.5484375 0.090625 0.08671875
10 0.0796875 0.5484375 0.09453125 0.09921875
3 0.5765625 0.1828125 0.09453125 0.0921875
10 0.51015625 0.484375 0.103125 0.10625
10 0.79609375 0.0921875 0.09453125 0.09921875
10 0.92109375 0.090625 0.09609375 0.1
11 0.61328125 0.70078125 0.0796875 0.15859375
5 0.646875 0.9375 0.08046875 0.07109375
7 0.88515625 0.73828125 0.11796875 0.1171875
1 0.86328125 0.90390625 0.16015625 0.10234375
12 0.62421875 0.0671875 0.13984375 0.05546875