6 0.26328125 0.32265625 0.09609375 0.26875
6 0.496875 0.3125 0.09453125 0.265625
3 0.4015625 0.30703125 0.08671875 0.115625
3 0.6765625 0.30625 0.0859375 0.1046875
1 0.7140625 0.4265625 0.15390625 0.12265625
0 0.8765625 0.428125 0.0984375 0.11328125
11 0.090625 0.58671875 0.1515625 0.09375
11 0.24453125 0.58671875 0.1515625 0.09921875
9 0.0890625 0.92578125 0.0953125 0.09921875
8 0.36953125 0.93359375 0.13359375 0.08984375
8 0.546875 0.92890625 0.128125 0.08671875
4 0.80390625 0.78046875 0.18359375 0.20390625
12 0.90625 0.5609375 0.1296875 0.071875