6 0.734375 0.76484375 0.1015625 0.2
3 0.596875 0.77578125 0.096875 0.090625
4 0.425 0.75078125 0.184375 0.146875
1 0.17578125 0.74140625 0.1078125 0.15
9 0.91015625 0.578125 0.096875 0.075
9 0.778125 0.57890625 0.0984375 0.071875
11 0.73359375 0.33515625 0.1625 0.0765625
4 0.1109375 0.53828125 0.1828125 0.153125
12 0.28359375 0.315625 0.1375 0.053125
8 0.45390625 0.31875 0.1359375 0.0671875
3 0.9171875 0.17734375 0.09375 0.084375
3 0.07578125 0.17890625 0.09375 0.0875
0 0.24296875 0.18515625 0.0984375 0.09375