10 0.08203125 0.55078125 0.09375 0.1046875
3 0.22265625 0.55234375 0.096875 0.090625
3 0.1578125 0.39453125 0.0875 0.090625
6 0.1578125 0.253125 0.215625 0.096875
11 0.61484375 0.7046875 0.084375 0.15625
5 0.64765625 0.9390625 0.078125 0.0734375
10 0.5203125 0.4734375 0.1 0.1046875
1 0.865625 0.43984375 0.16875 0.109375
12 0.87421875 0.93203125 0.1375 0.059375
7 0.88984375 0.7390625 0.1171875 0.11875
3 0.875 0.2234375 0.0875 0.0859375
10 0.79921875 0.09609375 0.0953125 0.1
10 0.925 0.09453125 0.0953125 0.103125