1 0.121875 0.0703125 0.18671875 0.10703125
1 0.14140625 0.3203125 0.19296875 0.11015625
3 0.39375 0.08046875 0.1125 0.10078125
3 0.4140625 0.315625 0.11171875 0.09609375
11 0.87890625 0.065625 0.19296875 0.08359375
5 0.66796875 0.17109375 0.1 0.07421875
8 0.58671875 0.3125 0.08515625 0.1359375
7 0.83125 0.31328125 0.14453125 0.12421875
10 0.7609375 0.578125 0.115625 0.11015625
10 0.88515625 0.690625 0.12109375 0.096875
10 0.6296875 0.69140625 0.12265625 0.09765625
10 0.77421875 0.81171875 0.11640625 0.1078125
10 0.365625 0.88828125 0.13046875 0.09609375
3 0.75859375 0.69140625 0.11015625 0.09375