4 0.46171875 0.1078125 0.14921875 0.1765625
4 0.25078125 0.4234375 0.153125 0.178125
1 0.2609375 0.1765625 0.14375 0.10546875
3 0.22265625 0.5953125 0.09140625 0.08984375
6 0.23125 0.734375 0.19453125 0.09765625
12 0.68046875 0.2828125 0.05390625 0.12734375
8 0.68046875 0.453125 0.0703125 0.13046875
2 0.66328125 0.7328125 0.07578125 0.15703125
11 0.66484375 0.73125 0.0734375 0.15625
9 0.4203125 0.77890625 0.06640625 0.09296875
9 0.41875 0.90859375 0.0734375 0.09453125
3 0.8234375 0.91328125 0.08359375 0.08984375
3 0.81875 0.075 0.0796875 0.090625
0 0.8140625 0.240625 0.0890625 0.09765625