8 0.90625 0.93125 0.146875 0.0640625
3 0.65234375 0.92421875 0.103125 0.084375
4 0.84453125 0.53515625 0.2015625 0.1515625
1 0.4140625 0.9 0.1171875 0.1421875
1 0.109375 0.903125 0.1171875 0.146875
7 0.375 0.3984375 0.128125 0.10625
7 0.115625 0.40859375 0.134375 0.1078125
6 0.30234375 0.2421875 0.2375 0.0890625
3 0.8859375 0.19453125 0.096875 0.0828125
3 0.6125 0.1890625 0.0984375 0.084375
11 0.85234375 0.08203125 0.171875 0.0734375
9 0.51640625 0.05625 0.1078125 0.0703125
5 0.3671875 0.053125 0.0859375 0.071875
11 0.1375 0.0796875 0.175 0.078125