8 0.09453125 0.06875 0.14609375 0.06796875
4 0.15625 0.4640625 0.2 0.14921875
3 0.346875 0.07734375 0.10234375 0.08203125
1 0.5609375 0.12734375 0.17109375 0.1015625
1 0.86640625 0.07734375 0.171875 0.0953125
7 0.6828125 0.6125 0.128125 0.10859375
6 0.70078125 0.76015625 0.2390625 0.09296875
3 0.11796875 0.8078125 0.09921875 0.08125
3 0.3890625 0.8125 0.0984375 0.08125
11 0.1453125 0.91796875 0.1734375 0.07265625
9 0.484375 0.94375 0.1046875 0.0703125
5 0.63203125 0.9453125 0.0875 0.06796875
11 0.8625 0.9203125 0.1734375 0.078125