0 0.08828125 0.94453125 0.103125 0.06875
4 0.24921875 0.89140625 0.190625 0.11875
8 0.46484375 0.9515625 0.134375 0.0515625
11 0.1125 0.74140625 0.1640625 0.0578125
5 0.20703125 0.63828125 0.078125 0.05625
1 0.15234375 0.25234375 0.109375 0.1125
1 0.3328125 0.25234375 0.1125 0.1125
3 0.2234375 0.06953125 0.096875 0.0703125
6 0.68984375 0.66953125 0.21875 0.071875
3 0.68984375 0.57421875 0.096875 0.06875
3 0.68984375 0.496875 0.0921875 0.06875
3 0.68984375 0.4203125 0.09375 0.0625
6 0.68671875 0.30546875 0.225 0.06875