1 0.1296875 0.121875 0.084375 0.1734375
1 0.26796875 0.12265625 0.08671875 0.1703125
3 0.0734375 0.4109375 0.071875 0.09296875
10 0.33359375 0.4046875 0.07578125 0.10703125
3 0.71015625 0.078125 0.075 0.09296875
3 0.87109375 0.08203125 0.0703125 0.09609375
4 0.79765625 0.2359375 0.11015625 0.1625
11 0.07890625 0.5828125 0.13125 0.084375
11 0.31953125 0.58359375 0.13125 0.08828125
5 0.0625 0.675 0.07109375 0.084375
8 0.08984375 0.93203125 0.10703125 0.0765625
4 0.24140625 0.89140625 0.125 0.14609375
6 0.54375 0.65625 0.08046875 0.2359375
6 0.81171875 0.659375 0.08046875 0.2390625
7 0.678125 0.63828125 0.1 0.12890625
10 0.68671875 0.8578125 0.0765625 0.11328125