10 0.13984375 0.065625 0.071875 0.0890625
10 0.3359375 0.071875 0.075 0.0921875
1 0.1359375 0.23125 0.078125 0.1359375
11 0.5859375 0.240625 0.0625 0.1390625
11 0.57734375 0.56015625 0.059375 0.1375
5 0.58515625 0.0515625 0.05625 0.06875
6 0.16484375 0.48828125 0.0796875 0.190625
10 0.41953125 0.57421875 0.0796875 0.0875
0 0.41875 0.57421875 0.08125 0.0875
4 0.259375 0.8453125 0.14375 0.1421875
10 0.45625 0.7515625 0.078125 0.090625
10 0.459375 0.90859375 0.0734375 0.0875
8 0.75703125 0.94296875 0.1 0.0640625
8 0.90546875 0.946875 0.103125 0.065625