1 0.06640625 0.2578125 0.10390625 0.09921875
1 0.06953125 0.42421875 0.1046875 0.0984375
3 0.228125 0.334375 0.0625 0.08203125
3 0.8140625 0.37109375 0.0625 0.08671875
10 0.82421875 0.49609375 0.0609375 0.0984375
10 0.90234375 0.49609375 0.0671875 0.09609375
6 0.80546875 0.23828125 0.14375 0.09375
4 0.334375 0.7828125 0.12890625 0.15703125
8 0.17734375 0.67578125 0.05078125 0.125
8 0.178125 0.8796875 0.04921875 0.12578125
11 0.61015625 0.696875 0.11328125 0.07734375
11 0.61015625 0.87265625 0.10703125 0.07890625
5 0.81640625 0.78203125 0.05234375 0.075