3 0.1984375 0.18671875 0.11171875 0.0921875
3 0.35078125 0.134375 0.1078125 0.08984375
11 0.0921875 0.29296875 0.0984375 0.15078125
5 0.36328125 0.34453125 0.09921875 0.0765625
6 0.70078125 0.121875 0.2640625 0.09765625
3 0.70078125 0.24375 0.11640625 0.0875
10 0.63125 0.40546875 0.11640625 0.1046875
10 0.77578125 0.40546875 0.12265625 0.103125
7 0.715625 0.61015625 0.14609375 0.11953125
4 0.2421875 0.53046875 0.2265625 0.16015625
8 0.06640625 0.48359375 0.0875 0.12421875
12 0.39765625 0.63515625 0.16484375 0.05546875
1 0.1265625 0.74453125 0.20078125 0.103125
3 0.346875 0.73125 0.11640625 0.08671875
10 0.3015625 0.84765625 0.1203125 0.0984375
6 0.70390625 0.8859375 0.26875 0.09609375