3 0.17890625 0.27890625 0.08125 0.10390625
10 0.2828125 0.3890625 0.09765625 0.11640625
10 0.671875 0.3796875 0.10390625 0.1140625
6 0.49765625 0.24296875 0.21328125 0.121875
3 0.81171875 0.290625 0.0953125 0.10859375
7 0.50703125 0.3796875 0.1140625 0.13984375
3 0.18359375 0.73828125 0.1828125 0.2015625
8 0.08828125 0.93125 0.13203125 0.090625
5 0.25078125 0.9265625 0.0765625 0.0984375
1 0.3953125 0.66640625 0.103125 0.1953125
1 0.59765625 0.615625 0.10234375 0.19296875
7 0.50703125 0.859375 0.1203125 0.14375
11 0.9390625 0.6078125 0.0765625 0.1953125
5 0.7265625 0.92734375 0.09453125 0.09609375
5 0.9046875 0.92421875 0.078125 0.09609375
9 0.728125 0.9234375 0.09375 0.096875