3 0.15390625 0.09765625 0.06796875 0.084375
1 0.16171875 0.3 0.08125 0.1453125
10 0.26796875 0.28984375 0.0734375 0.096875
10 0.4859375 0.2890625 0.0734375 0.09140625
0 0.28046875 0.49140625 0.0703125 0.090625
0 0.48828125 0.5046875 0.07109375 0.090625
6 0.68203125 0.103125 0.159375 0.090625
3 0.68203125 0.2140625 0.0703125 0.0859375
3 0.68359375 0.40390625 0.06796875 0.08671875
3 0.68046875 0.59375 0.0671875 0.08125
0 0.684375 0.80390625 0.07421875 0.090625
8 0.865625 0.0734375 0.1 0.0703125
7 0.896875 0.25234375 0.0890625 0.11015625
4 0.88203125 0.8125 0.12109375 0.16796875
11 0.1296875 0.89296875 0.059375 0.1453125
5 0.25703125 0.91875 0.0578125 0.07109375