3 0.82109375 0.72109375 0.08125 0.103125
10 0.7171875 0.6109375 0.096875 0.115625
10 0.328125 0.6203125 0.103125 0.1140625
6 0.50234375 0.75703125 0.2125 0.121875
3 0.18828125 0.709375 0.0953125 0.109375
7 0.49296875 0.6203125 0.1140625 0.140625
3 0.81640625 0.26171875 0.1828125 0.2015625
8 0.91171875 0.06875 0.13125 0.090625
5 0.74921875 0.0734375 0.0765625 0.0984375
1 0.6046875 0.33359375 0.103125 0.1953125
1 0.40234375 0.384375 0.103125 0.19375
7 0.49296875 0.140625 0.1203125 0.14375
11 0.0609375 0.3921875 0.0765625 0.1953125
5 0.2734375 0.07265625 0.09375 0.096875
5 0.0953125 0.07578125 0.078125 0.096875
9 0.271875 0.0765625 0.09375 0.096875