11 0.06953125 0.290625 0.071875 0.15625
4 0.18359375 0.534375 0.17578125 0.16640625
1 0.0921875 0.74609375 0.14453125 0.10546875
3 0.26015625 0.728125 0.084375 0.09140625
3 0.52421875 0.184375 0.0828125 0.08984375
12 0.5671875 0.0671875 0.11953125 0.05390625
5 0.27421875 0.34609375 0.07265625 0.07109375
7 0.503125 0.7484375 0.1046875 0.1171875
6 0.5265625 0.88671875 0.19609375 0.096875
6 0.78515625 0.09375 0.1984375 0.10234375
3 0.78671875 0.2140625 0.0828125 0.08828125
10 0.734375 0.65078125 0.084375 0.1
10 0.8421875 0.6484375 0.08671875 0.09921875