1 0.221875 0.0875 0.1234375 0.09296875
0 0.3609375 0.05234375 0.07734375 0.0828125
3 0.196875 0.2640625 0.07578125 0.0765625
8 0.3453125 0.38828125 0.10234375 0.065625
7 0.253125 0.49609375 0.09609375 0.1
8 0.2015625 0.62421875 0.10390625 0.065625
6 0.165625 0.84140625 0.0734375 0.18671875
7 0.29375 0.803125 0.09375 0.1015625
3 0.28125 0.9359375 0.0703125 0.08125
5 0.52734375 0.72890625 0.059375 0.0671875
5 0.546875 0.94765625 0.0625 0.0671875
11 0.7671875 0.796875 0.12421875 0.071875
11 0.75546875 0.909375 0.12890625 0.07109375