0 0.05546875 0.08828125 0.06875 0.10234375
4 0.10859375 0.24921875 0.11796875 0.18984375
8 0.0484375 0.46484375 0.0515625 0.13515625
11 0.25859375 0.1125 0.05703125 0.1640625
5 0.36171875 0.20703125 0.05625 0.07890625
1 0.74765625 0.15234375 0.11328125 0.11015625
1 0.74765625 0.3328125 0.11171875 0.11171875
3 0.93046875 0.2234375 0.0703125 0.09765625
6 0.33046875 0.68984375 0.071875 0.21953125
3 0.42578125 0.68984375 0.06796875 0.09765625
3 0.503125 0.68984375 0.06875 0.0921875
3 0.5796875 0.68984375 0.06328125 0.09375
6 0.69453125 0.68671875 0.06875 0.22421875