11 0.10703125 0.13203125 0.1 0.16875
11 0.40390625 0.13203125 0.1 0.1703125
5 0.06875 0.3453125 0.0921875 0.078125
5 0.43359375 0.34375 0.0953125 0.08125
3 0.1171875 0.69921875 0.11328125 0.096875
3 0.29921875 0.6984375 0.1125 0.1
1 0.22421875 0.86875 0.1984375 0.11875
10 0.81171875 0.16640625 0.11875 0.1109375
10 0.60234375 0.32578125 0.1328125 0.10078125
10 0.7953125 0.45859375 0.1265625 0.10546875
7 0.81328125 0.32265625 0.146875 0.125
4 0.69765625 0.86328125 0.16484375 0.159375
8 0.884375 0.934375 0.16328125 0.0765625