10 0.22265625 0.09921875 0.128125 0.08125
10 0.42265625 0.18515625 0.1234375 0.0875
10 0.6734375 0.0953125 0.13125 0.08125
7 0.44609375 0.0828125 0.153125 0.0953125
11 0.10703125 0.33359375 0.1 0.13125
11 0.40390625 0.334375 0.1125 0.1359375
5 0.06796875 0.49765625 0.0953125 0.0609375
5 0.4296875 0.49609375 0.096875 0.0625
4 0.8796875 0.340625 0.1703125 0.1234375
8 0.8828125 0.46875 0.165625 0.0609375
3 0.2328125 0.76640625 0.1125 0.075
3 0.88203125 0.76484375 0.1203125 0.078125
1 0.22265625 0.896875 0.196875 0.090625
1 0.8390625 0.88515625 0.2 0.0890625