11 0.9296875 0.88828125 0.06875 0.146875
9 0.7984375 0.73984375 0.06875 0.090625
1 0.22265625 0.9140625 0.14375 0.09375
1 0.2296875 0.33203125 0.140625 0.090625
3 0.18515625 0.634375 0.0796875 0.0828125
6 0.92109375 0.42265625 0.0875 0.1890625
7 0.77890625 0.42578125 0.1078125 0.103125
3 0.61015625 0.42578125 0.08125 0.084375
10 0.47421875 0.54765625 0.0921875 0.084375
10 0.4578125 0.3109375 0.09375 0.0875
4 0.8765625 0.1203125 0.13125 0.134375
4 0.684375 0.121875 0.121875 0.1328125
4 0.46875 0.11953125 0.1234375 0.1328125
8 0.15625 0.11015625 0.065625 0.1203125