1 0.2046875 0.86875 0.090625 0.096875
1 0.34375 0.86953125 0.0875 0.090625
10 0.209375 0.6609375 0.084375 0.059375
0 0.11328125 0.77421875 0.08125 0.0609375
11 0.2234375 0.3625 0.1328125 0.0484375
11 0.22109375 0.22421875 0.13125 0.046875
11 0.2234375 0.11796875 0.128125 0.05
5 0.340625 0.36484375 0.0625 0.040625
5 0.35703125 0.11796875 0.0703125 0.046875
7 0.6296875 0.71796875 0.0984375 0.0703125
8 0.7671875 0.77421875 0.10625 0.0421875
10 0.5703125 0.5640625 0.0765625 0.0609375
10 0.68828125 0.5640625 0.0765625 0.0625
7 0.63125 0.3734375 0.0984375 0.06875
3 0.78828125 0.26328125 0.0765625 0.05