1 0.9125 0.221875 0.09375 0.1234375
0 0.94765625 0.3609375 0.0828125 0.078125
3 0.7359375 0.196875 0.0765625 0.075
8 0.61171875 0.3453125 0.065625 0.103125
7 0.50390625 0.253125 0.1 0.096875
8 0.37578125 0.2015625 0.065625 0.103125
6 0.15859375 0.165625 0.1875 0.0734375
7 0.196875 0.29375 0.1015625 0.09375
3 0.0640625 0.28125 0.08125 0.0703125
5 0.27109375 0.52734375 0.0671875 0.059375
5 0.05234375 0.546875 0.0671875 0.0625
11 0.203125 0.7671875 0.071875 0.1234375
11 0.090625 0.75546875 0.071875 0.1296875