10 0.44921875 0.08203125 0.1046875 0.09453125
3 0.44765625 0.22265625 0.090625 0.09609375
3 0.60546875 0.1578125 0.09140625 0.08828125
6 0.746875 0.1578125 0.09765625 0.21640625
11 0.2953125 0.61484375 0.15625 0.084375
5 0.0609375 0.64765625 0.0734375 0.07734375
10 0.5265625 0.5203125 0.1046875 0.10078125
1 0.56015625 0.865625 0.11015625 0.16796875
12 0.06796875 0.87421875 0.05859375 0.13828125
7 0.2609375 0.88984375 0.11875 0.1171875
3 0.7765625 0.875 0.0859375 0.0875
10 0.90390625 0.79921875 0.10078125 0.0953125
10 0.90546875 0.925 0.10234375 0.0953125