3 0.21171875 0.7609375 0.0921875 0.059375
1 0.13671875 0.9328125 0.109375 0.1078125
1 0.3171875 0.93203125 0.1125 0.1078125
10 0.46484375 0.69453125 0.103125 0.0640625
0 0.07265625 0.32734375 0.0984375 0.0671875
4 0.234375 0.2765625 0.190625 0.1125
8 0.44921875 0.3328125 0.134375 0.053125
5 0.19140625 0.0390625 0.08125 0.053125
11 0.66484375 0.68046875 0.165625 0.05625
5 0.6109375 0.36953125 0.078125 0.053125
3 0.8953125 0.7953125 0.096875 0.0640625
0 0.88359375 0.6953125 0.103125 0.0703125
0 0.8984375 0.24765625 0.0984375 0.06875