6 0.86171875 0.80703125 0.228125 0.1015625
3 0.84375 0.678125 0.096875 0.09375
3 0.9265625 0.5203125 0.0953125 0.09375
3 0.58984375 0.52109375 0.0953125 0.09375
8 0.490625 0.94765625 0.1390625 0.075
4 0.32734375 0.88203125 0.1984375 0.171875
12 0.11640625 0.9484375 0.16875 0.06875
3 0.25546875 0.48984375 0.1015625 0.09375
3 0.3875 0.3328125 0.0984375 0.0953125
3 0.14609375 0.34296875 0.1046875 0.090625
1 0.26328125 0.3453125 0.115625 0.165625
11 0.8703125 0.06015625 0.1765625 0.08125
5 0.66171875 0.0578125 0.0828125 0.078125
11 0.47109375 0.059375 0.171875 0.084375
11 0.1484375 0.05625 0.171875 0.08125