1 0.91484375 0.64609375 0.103125 0.19375
1 0.5671875 0.6328125 0.15625 0.134375
7 0.76640625 0.77421875 0.115625 0.1484375
10 0.80859375 0.3421875 0.103125 0.1203125
10 0.57421875 0.35078125 0.1 0.1203125
3 0.68359375 0.35234375 0.0890625 0.1140625
3 0.459375 0.34921875 0.0875 0.109375
4 0.234375 0.2484375 0.15625 0.23125
8 0.11484375 0.409375 0.0703125 0.1625
9 0.38515625 0.56015625 0.0953125 0.096875
9 0.090625 0.57109375 0.09375 0.0875
11 0.2265625 0.73515625 0.1578125 0.109375
5 0.37265625 0.9234375 0.078125 0.0984375