1 0.64609375 0.08515625 0.19375 0.103125
1 0.6328125 0.4328125 0.134375 0.15625
7 0.77421875 0.23359375 0.1484375 0.115625
10 0.3421875 0.19140625 0.1203125 0.103125
10 0.35078125 0.42578125 0.1203125 0.1
3 0.35234375 0.31640625 0.1140625 0.0890625
3 0.34921875 0.540625 0.109375 0.0875
4 0.2484375 0.765625 0.23125 0.15625
8 0.409375 0.88515625 0.1625 0.0703125
9 0.56015625 0.61484375 0.096875 0.0953125
9 0.57109375 0.909375 0.0875 0.09375
11 0.73515625 0.7734375 0.109375 0.1578125
5 0.9234375 0.62734375 0.0984375 0.078125