6 0.13828125 0.19296875 0.228125 0.1015625
3 0.15625 0.321875 0.096875 0.09375
3 0.0734375 0.4796875 0.0953125 0.09375
3 0.41015625 0.47890625 0.0953125 0.09375
8 0.509375 0.05234375 0.1390625 0.075
4 0.67265625 0.11796875 0.1984375 0.171875
12 0.88359375 0.0515625 0.16875 0.06875
3 0.74453125 0.51015625 0.1015625 0.09375
3 0.6125 0.6671875 0.0984375 0.0953125
3 0.85390625 0.65703125 0.1046875 0.090625
1 0.73671875 0.6546875 0.115625 0.165625
11 0.1296875 0.93984375 0.1765625 0.08125
5 0.33828125 0.9421875 0.0828125 0.078125
11 0.52890625 0.940625 0.171875 0.084375
11 0.8515625 0.94375 0.171875 0.08125