0 0.0765625 0.103125 0.07578125 0.08984375
3 0.109375 0.91875 0.06953125 0.08828125
8 0.278125 0.046875 0.09609375 0.06484375
7 0.39453125 0.1203125 0.0921875 0.1078125
1 0.2953125 0.3015625 0.0796875 0.14375
10 0.403125 0.290625 0.0703125 0.09453125
10 0.61953125 0.29140625 0.071875 0.0953125
0 0.4140625 0.4921875 0.07578125 0.0921875
0 0.6234375 0.50546875 0.075 0.0921875
11 0.2625 0.89140625 0.06015625 0.14765625
5 0.38984375 0.9203125 0.0578125 0.07421875
6 0.81875 0.10234375 0.1625 0.0875
3 0.8171875 0.2171875 0.0671875 0.08515625
3 0.81953125 0.403125 0.06953125 0.08359375
3 0.8171875 0.5953125 0.07109375 0.08203125
0 0.8203125 0.80390625 0.078125 0.0921875