4 0.8046875 0.78046875 0.184375 0.209375
12 0.90859375 0.559375 0.1328125 0.06875
8 0.5453125 0.93203125 0.128125 0.0875
8 0.3734375 0.934375 0.125 0.0828125
9 0.09140625 0.92578125 0.09375 0.0953125
0 0.8796875 0.43046875 0.09375 0.1171875
1 0.7140625 0.4234375 0.159375 0.125
3 0.6765625 0.303125 0.084375 0.109375
6 0.49765625 0.3109375 0.096875 0.2703125
6 0.2671875 0.321875 0.09375 0.2625
3 0.4046875 0.30703125 0.090625 0.1203125
11 0.24453125 0.5875 0.15 0.1078125
11 0.09375 0.5859375 0.15 0.109375