1 0.08203125 0.35078125 0.10234375 0.19453125
7 0.23515625 0.221875 0.11484375 0.1484375
1 0.43046875 0.36640625 0.15625 0.12421875
5 0.6265625 0.071875 0.07578125 0.0890625
11 0.7734375 0.2640625 0.1625 0.09609375
9 0.6125 0.434375 0.0953125 0.0890625
9 0.90859375 0.421875 0.09375 0.0984375
10 0.190625 0.6578125 0.096875 0.115625
10 0.42421875 0.6484375 0.0984375 0.1171875
3 0.315625 0.64609375 0.084375 0.10703125
3 0.53984375 0.64453125 0.08671875 0.10859375
4 0.7859375 0.784375 0.12265625 0.17421875
8 0.884375 0.58984375 0.06796875 0.1625