4 0.165625 0.13828125 0.12890625 0.13984375
4 0.32421875 0.13984375 0.134375 0.1390625
4 0.68671875 0.1421875 0.13046875 0.14375
8 0.0390625 0.18984375 0.0515625 0.1140625
8 0.94296875 0.19921875 0.0546875 0.1140625
3 0.06328125 0.40390625 0.06484375 0.0875
10 0.09921875 0.653125 0.06328125 0.0890625
10 0.1734375 0.65703125 0.06640625 0.0890625
3 0.134375 0.7671875 0.0625 0.08046875
10 0.09921875 0.88515625 0.06484375 0.090625
10 0.1875 0.88671875 0.06484375 0.09296875
1 0.46640625 0.465625 0.1078125 0.09375
1 0.4796875 0.6484375 0.1078125 0.08828125
3 0.6234375 0.465625 0.0609375 0.078125
5 0.79765625 0.459375 0.05546875 0.06640625
11 0.93125 0.6140625 0.0625 0.140625