11 0.27578125 0.071875 0.1609375 0.07890625
1 0.5234375 0.1359375 0.1109375 0.15
1 0.7390625 0.14140625 0.10234375 0.1453125
3 0.5125 0.3234375 0.0890625 0.0828125
5 0.33515625 0.32578125 0.08125 0.071875
6 0.11328125 0.52890625 0.09921875 0.20390625
7 0.2484375 0.50546875 0.125 0.11171875
3 0.8125 0.52734375 0.09609375 0.08203125
12 0.9296875 0.5703125 0.0625 0.12578125
10 0.34921875 0.73515625 0.10703125 0.0875
10 0.35078125 0.84375 0.10546875 0.08984375
3 0.7828125 0.78828125 0.09375 0.08515625
6 0.903125 0.78671875 0.09765625 0.2