8 0.90546875 0.93125 0.146875 0.06875
4 0.84375 0.5359375 0.2 0.15
3 0.653125 0.92265625 0.103125 0.08125
1 0.4390625 0.87265625 0.171875 0.1015625
1 0.13359375 0.92265625 0.171875 0.0953125
7 0.3171875 0.3875 0.128125 0.109375
6 0.29921875 0.23984375 0.2390625 0.09375
3 0.88203125 0.1921875 0.1 0.08125
3 0.6109375 0.1875 0.0984375 0.08125
11 0.8546875 0.08203125 0.1734375 0.0734375
9 0.515625 0.05625 0.1046875 0.0703125
5 0.36796875 0.0546875 0.0875 0.06875
11 0.1375 0.0796875 0.1734375 0.078125