10 0.0765625 0.9203125 0.115625 0.090625
4 0.2421875 0.84375 0.171875 0.13125
8 0.4 0.7453125 0.1515625 0.071875
11 0.12109375 0.246875 0.18125 0.078125
11 0.11953125 0.0578125 0.178125 0.08125
5 0.33203125 0.246875 0.0953125 0.075
9 0.3828125 0.0546875 0.109375 0.0765625
6 0.74375 0.91328125 0.25 0.1
7 0.7375 0.753125 0.13125 0.115625
3 0.5875 0.58046875 0.103125 0.0984375
3 0.91953125 0.57421875 0.10625 0.0921875
0 0.58828125 0.4109375 0.109375 0.0953125
0 0.90859375 0.4125 0.109375 0.0984375
1 0.63359375 0.109375 0.1171875 0.159375
1 0.79921875 0.10546875 0.1234375 0.159375