6 0.33203125 0.0953125 0.19921875 0.11015625
0 0.61171875 0.08359375 0.0890625 0.11015625
0 0.6171875 0.4140625 0.08671875 0.10859375
10 0.33125 0.40234375 0.084375 0.1140625
3 0.33671875 0.5859375 0.08203125 0.1015625
1 0.16171875 0.8625 0.09453125 0.184375
1 0.33203125 0.91796875 0.078125 0.103125
11 0.75234375 0.61796875 0.07109375 0.18046875
11 0.93828125 0.615625 0.07109375 0.1828125
5 0.93671875 0.90625 0.0703125 0.08515625
7 0.33203125 0.253125 0.1125 0.134375
8 0.94296875 0.10390625 0.06640625 0.14921875
12 0.9453125 0.35234375 0.0671875 0.21328125