10 0.06953125 0.08125 0.10078125 0.1015625
1 0.0984375 0.22421875 0.15859375 0.1203125
3 0.2421875 0.08125 0.08828125 0.10078125
3 0.24609375 0.434375 0.08671875 0.0921875
3 0.05859375 0.5703125 0.084375 0.09375
11 0.51796875 0.3703125 0.15859375 0.0875
5 0.6484375 0.44140625 0.07578125 0.08046875
6 0.24921875 0.740625 0.09765625 0.25
7 0.475 0.73515625 0.12578125 0.13515625
6 0.71953125 0.7375 0.09765625 0.2484375
3 0.934375 0.92421875 0.08984375 0.0984375
8 0.75546875 0.103125 0.071875 0.1484375
4 0.8953125 0.24609375 0.13515625 0.16796875