4 0.86171875 0.165625 0.140625 0.128125
4 0.86015625 0.32421875 0.1390625 0.134375
4 0.8578125 0.68671875 0.14375 0.13125
8 0.81015625 0.0390625 0.1140625 0.0515625
8 0.80078125 0.94296875 0.1140625 0.0546875
3 0.59609375 0.06328125 0.0875 0.065625
10 0.346875 0.09921875 0.0890625 0.0625
10 0.34296875 0.1734375 0.0890625 0.065625
3 0.2328125 0.134375 0.08125 0.0625
10 0.11484375 0.09921875 0.090625 0.065625
10 0.11328125 0.1875 0.09375 0.065625
1 0.534375 0.46640625 0.09375 0.1078125
1 0.3515625 0.4796875 0.0875 0.1078125
3 0.534375 0.6234375 0.078125 0.0609375
5 0.540625 0.79765625 0.065625 0.05625
11 0.3859375 0.93125 0.140625 0.0625