1 0.0671875 0.13828125 0.10625 0.1140625
1 0.0671875 0.3203125 0.109375 0.109375
3 0.2390625 0.2109375 0.0625 0.0984375
10 0.3046875 0.46328125 0.065625 0.109375
0 0.20234375 0.765625 0.0671875 0.1046875
0 0.29296875 0.76484375 0.06875 0.103125
3 0.25078125 0.89140625 0.065625 0.09375
3 0.703125 0.8671875 0.065625 0.09375
0 0.6546875 0.73984375 0.065625 0.1046875
0 0.74296875 0.73984375 0.065625 0.10625
0 0.6734375 0.07421875 0.065625 0.0984375
4 0.72265625 0.234375 0.1109375 0.190625
8 0.66640625 0.45 0.05 0.1359375
8 0.9546875 0.4328125 0.0515625 0.140625
5 0.9 0.059375 0.05 0.084375
11 0.959375 0.1078125 0.05625 0.1671875