11 0.89453125 0.88046875 0.09375 0.153125
11 0.596875 0.88203125 0.096875 0.1515625
5 0.9296875 0.68984375 0.090625 0.071875
5 0.56953125 0.68984375 0.09375 0.071875
4 0.759375 0.26953125 0.2375 0.1640625
8 0.86953125 0.14453125 0.1640625 0.0671875
1 0.16875 0.9078125 0.1921875 0.103125
3 0.11484375 0.809375 0.115625 0.084375
1 0.16484375 0.68046875 0.1890625 0.1046875
10 0.22265625 0.4046875 0.115625 0.09375
10 0.0828125 0.3109375 0.121875 0.0921875
10 0.2171875 0.18671875 0.1125 0.096875
7 0.2265625 0.29765625 0.146875 0.1109375