8 0.06875 0.90625 0.0640625 0.146875
3 0.07578125 0.65234375 0.084375 0.103125
4 0.46484375 0.84453125 0.1515625 0.2015625
1 0.1 0.4140625 0.1421875 0.115625
1 0.096875 0.109375 0.146875 0.1171875
7 0.6015625 0.375 0.10625 0.128125
7 0.59140625 0.115625 0.1078125 0.134375
6 0.7578125 0.30234375 0.0890625 0.2375
3 0.80546875 0.8859375 0.0828125 0.0984375
3 0.8109375 0.6125 0.084375 0.0984375
11 0.91796875 0.85234375 0.071875 0.171875
9 0.94375 0.51640625 0.0703125 0.1078125
5 0.946875 0.3671875 0.071875 0.0859375
11 0.9203125 0.1375 0.078125 0.175