10 0.86015625 0.934375 0.071875 0.0890625
10 0.6640625 0.928125 0.075 0.0921875
1 0.8640625 0.76875 0.078125 0.1359375
11 0.4140625 0.759375 0.0625 0.1390625
11 0.42265625 0.43984375 0.059375 0.1375
5 0.41484375 0.9484375 0.0578125 0.06875
6 0.83515625 0.51171875 0.0796875 0.190625
10 0.58046875 0.42578125 0.0796875 0.0875
0 0.58125 0.42578125 0.08125 0.0875
4 0.740625 0.1546875 0.1453125 0.1421875
10 0.54375 0.2484375 0.078125 0.090625
10 0.540625 0.09140625 0.0734375 0.0875
8 0.24296875 0.05703125 0.1 0.0640625
8 0.09453125 0.053125 0.103125 0.065625