11 0.88359375 0.13046875 0.140625 0.059375
5 0.709375 0.1421875 0.0671875 0.05625
9 0.953125 0.26484375 0.0671875 0.075
3 0.94296875 0.48671875 0.08125 0.06875
4 0.5515625 0.17421875 0.1609375 0.1328125
8 0.38046875 0.1484375 0.06875 0.1
0 0.39140625 0.36328125 0.0828125 0.075
0 0.39375 0.5421875 0.0828125 0.075
3 0.409375 0.93203125 0.08125 0.071875
4 0.16015625 0.26171875 0.1421875 0.140625
10 0.253125 0.4578125 0.09375 0.071875
10 0.09453125 0.459375 0.0890625 0.078125
1 0.0921875 0.82109375 0.1359375 0.0828125
3 0.075 0.934375 0.078125 0.06875