3 0.0734375 0.17734375 0.090625 0.0828125
0 0.2421875 0.18515625 0.09921875 0.0953125
0 0.91328125 0.17890625 0.09375 0.08671875
4 0.10859375 0.53828125 0.178125 0.15234375
12 0.28046875 0.31484375 0.1328125 0.053125
8 0.45234375 0.31875 0.1359375 0.06953125
11 0.73046875 0.3328125 0.16171875 0.0734375
9 0.7765625 0.578125 0.1 0.0734375
9 0.90625 0.578125 0.096875 0.0734375
1 0.1734375 0.73984375 0.1125 0.14453125
4 0.42109375 0.75 0.18515625 0.1515625
3 0.59453125 0.77421875 0.09375 0.090625
6 0.73125 0.7671875 0.1046875 0.196875