1 0.0671875 0.1359375 0.1078125 0.10859375
1 0.0671875 0.31875 0.10703125 0.11015625
3 0.23984375 0.21171875 0.0609375 0.09765625
10 0.30625 0.465625 0.06796875 0.1046875
10 0.19140625 0.76640625 0.0671875 0.221875
3 0.2859375 0.90234375 0.0625 0.096875
11 0.36015625 0.68125 0.0546875 0.1671875
5 0.64375 0.71875 0.0515625 0.07890625
3 0.7484375 0.92578125 0.06484375 0.09453125
4 0.72265625 0.2359375 0.10859375 0.19296875
0 0.67265625 0.071875 0.0671875 0.10078125
8 0.66875 0.44921875 0.053125 0.13359375
5 0.9625 0.19453125 0.0515625 0.07890625