6 0.78828125 0.090625 0.1984375 0.096875
3 0.790625 0.21484375 0.0875 0.090625
10 0.84609375 0.64375 0.084375 0.10625
10 0.7375 0.6484375 0.090625 0.103125
12 0.56796875 0.0640625 0.1265625 0.053125
3 0.52421875 0.184375 0.08125 0.09375
7 0.50625 0.75 0.109375 0.11875
6 0.52734375 0.88515625 0.1984375 0.1015625
5 0.27421875 0.340625 0.075 0.075
11 0.07265625 0.28984375 0.075 0.1609375
3 0.2609375 0.72890625 0.084375 0.0921875
4 0.18359375 0.53515625 0.171875 0.1625
1 0.0921875 0.74375 0.1453125 0.1109375