3 0.40625 0.07890625 0.096875 0.08359375
1 0.60625 0.12890625 0.1546875 0.096875
1 0.87734375 0.07734375 0.1546875 0.09765625
7 0.309375 0.3109375 0.1171875 0.10859375
6 0.328125 0.45703125 0.21015625 0.090625
8 0.64296875 0.52734375 0.1296875 0.06796875
4 0.86328125 0.6015625 0.18203125 0.1515625
3 0.43828125 0.82578125 0.08828125 0.08203125
11 0.2265625 0.9171875 0.15625 0.0703125
9 0.53359375 0.94453125 0.09453125 0.0703125
5 0.66953125 0.9453125 0.08515625 0.071875
11 0.875 0.9203125 0.15859375 0.0765625