8 0.09375 0.06875 0.14765625 0.0640625
3 0.34765625 0.07578125 0.10234375 0.08515625
4 0.15546875 0.46484375 0.2015625 0.1515625
1 0.5859375 0.1 0.11640625 0.1421875
1 0.890625 0.096875 0.1171875 0.146875
7 0.625 0.6015625 0.12890625 0.10546875
7 0.884375 0.59140625 0.13359375 0.1078125
6 0.69765625 0.7578125 0.2375 0.0890625
3 0.1140625 0.80546875 0.09765625 0.0828125
3 0.3875 0.8109375 0.0984375 0.084375
11 0.14765625 0.91796875 0.171875 0.07265625
9 0.48359375 0.94375 0.1078125 0.0703125
5 0.6328125 0.946875 0.0859375 0.071875
11 0.8625 0.9203125 0.17421875 0.078125