3 0.8125 0.2890625 0.0890625 0.1109375
10 0.67265625 0.37578125 0.10625 0.11875
10 0.284375 0.3859375 0.096875 0.1125
10 0.4984375 0.2390625 0.2140625 0.125
7 0.509375 0.37890625 0.11875 0.1453125
3 0.1828125 0.27890625 0.090625 0.115625
11 0.9390625 0.6078125 0.08125 0.1984375
5 0.90625 0.9234375 0.075 0.09375
9 0.7296875 0.92421875 0.096875 0.103125
1 0.6 0.61796875 0.10625 0.19375
1 0.396875 0.66953125 0.103125 0.196875
7 0.5109375 0.86171875 0.1125 0.146875
4 0.18671875 0.73828125 0.184375 0.2046875
5 0.24921875 0.9265625 0.075 0.0890625
8 0.08671875 0.92890625 0.1265625 0.09375