10 0.12734375 0.69609375 0.0796875 0.078125
10 0.128125 0.60546875 0.08125 0.078125
3 0.24765625 0.6421875 0.08125 0.075
3 0.1734375 0.1234375 0.075 0.075
10 0.28046875 0.1578125 0.08125 0.08125
10 0.28046875 0.0640625 0.0859375 0.078125
1 0.50234375 0.43671875 0.0875 0.134375
1 0.67578125 0.41640625 0.084375 0.13125
3 0.50546875 0.24453125 0.071875 0.078125
4 0.47578125 0.76875 0.13125 0.153125
3 0.4484375 0.92265625 0.071875 0.078125
8 0.56953125 0.946875 0.103125 0.059375
5 0.6375 0.609375 0.059375 0.0640625
11 0.76640625 0.6078125 0.128125 0.065625