11 0.88046875 0.10546875 0.153125 0.09375
11 0.88203125 0.403125 0.1515625 0.096875
5 0.68984375 0.0703125 0.071875 0.090625
5 0.68984375 0.43046875 0.071875 0.09375
4 0.26953125 0.240625 0.1625 0.2375
8 0.14453125 0.13046875 0.065625 0.1625
1 0.9078125 0.83125 0.103125 0.1921875
3 0.809375 0.88515625 0.084375 0.115625
1 0.68046875 0.83515625 0.103125 0.1875
10 0.4046875 0.77734375 0.09375 0.115625
10 0.3109375 0.9171875 0.0921875 0.121875
10 0.18671875 0.7828125 0.096875 0.1125
7 0.29765625 0.7734375 0.1109375 0.146875