11 0.86796875 0.1078125 0.16875 0.096875
11 0.86796875 0.40546875 0.171875 0.0984375
5 0.65625 0.071875 0.08125 0.090625
5 0.65703125 0.43359375 0.0796875 0.0953125
10 0.83359375 0.8125 0.115625 0.11875
10 0.67578125 0.60390625 0.096875 0.1296875
10 0.5421875 0.79375 0.109375 0.121875
7 0.67734375 0.8125 0.128125 0.1515625
8 0.31796875 0.1296875 0.078125 0.1625
5 0.078125 0.1109375 0.08125 0.09375
4 0.11875 0.36484375 0.165625 0.16875
10 0.10390625 0.70078125 0.1109375 0.1171875
10 0.109375 0.86015625 0.10625 0.11875