6 0.0890625 0.44921875 0.05859375 0.24921875
10 0.24140625 0.26015625 0.0625 0.103125
3 0.1859375 0.4640625 0.05859375 0.10625
10 0.209375 0.79296875 0.06484375 0.1140625
7 0.0953125 0.7828125 0.0765625 0.13515625
11 0.35859375 0.14375 0.0515625 0.1921875
9 0.45078125 0.334375 0.0484375 0.11171875
4 0.478125 0.72421875 0.08359375 0.175
8 0.6796875 0.89375 0.05078125 0.15390625
1 0.8453125 0.11015625 0.103125 0.128125
3 0.87265625 0.47421875 0.059375 0.10703125
1 0.8421875 0.8671875 0.1015625 0.128125