1 0.0671875 0.21484375 0.10625 0.1
1 0.0671875 0.378125 0.1078125 0.09375
3 0.23828125 0.2796875 0.059375 0.0875
10 0.30625 0.51328125 0.065625 0.096875
3 0.28046875 0.76171875 0.0609375 0.0875
3 0.3515625 0.76796875 0.0625 0.0875
3 0.41875 0.76875 0.0609375 0.0859375
6 0.4953125 0.759375 0.06875 0.20625
6 0.1890625 0.7578125 0.06875 0.2046875
4 0.83125 0.29453125 0.1140625 0.178125
0 0.67578125 0.15546875 0.06875 0.0921875
8 0.66875 0.50078125 0.05 0.1234375
8 0.946875 0.515625 0.05 0.1296875
11 0.678125 0.80546875 0.05625 0.15
5 0.803125 0.94609375 0.05625 0.06875