10 0.0796875 0.0765625 0.09140625 0.115625
4 0.15625 0.2421875 0.13125 0.171875
8 0.2546875 0.4 0.07109375 0.1515625
11 0.753125 0.12109375 0.078125 0.18125
11 0.9421875 0.11953125 0.08125 0.17890625
5 0.753125 0.33203125 0.07421875 0.0953125
9 0.9453125 0.3828125 0.0765625 0.109375
6 0.08671875 0.74375 0.1 0.25
7 0.246875 0.7375 0.11640625 0.13125
3 0.41953125 0.5875 0.0984375 0.10234375
3 0.42578125 0.91953125 0.0921875 0.10625
0 0.5890625 0.58828125 0.0953125 0.11015625
0 0.5875 0.90859375 0.0984375 0.10859375
1 0.890625 0.63359375 0.16015625 0.1171875
1 0.89453125 0.79921875 0.15859375 0.1234375