1 0.93203125 0.78671875 0.10625 0.1078125
1 0.9328125 0.6203125 0.109375 0.1
3 0.76015625 0.71953125 0.0625 0.084375
10 0.69453125 0.48828125 0.065625 0.096875
3 0.5984375 0.225 0.0609375 0.084375
3 0.52890625 0.2203125 0.059375 0.0859375
3 0.4609375 0.21796875 0.0625 0.0890625
6 0.3515625 0.21875 0.06875 0.20625
4 0.27734375 0.69921875 0.109375 0.171875
0 0.32578125 0.84375 0.06875 0.09375
8 0.33359375 0.50078125 0.0515625 0.125
11 0.13359375 0.81875 0.0546875 0.15625
5 0.0375 0.73359375 0.05 0.071875
5 0.046875 0.4828125 0.05 0.06875