11 0.13046875 0.11640625 0.059375 0.140625
5 0.1421875 0.290625 0.05625 0.0671875
9 0.26484375 0.046875 0.075 0.0671875
3 0.48671875 0.05703125 0.06875 0.08125
4 0.17421875 0.4484375 0.1328125 0.1609375
8 0.1484375 0.61953125 0.1 0.06875
0 0.36328125 0.60859375 0.075 0.0828125
0 0.5421875 0.60625 0.075 0.0828125
3 0.93203125 0.590625 0.071875 0.08125
4 0.26171875 0.83984375 0.140625 0.1421875
10 0.4578125 0.746875 0.071875 0.09375
10 0.459375 0.90546875 0.078125 0.0890625
1 0.82109375 0.9078125 0.0828125 0.1359375
3 0.934375 0.925 0.06875 0.078125