7 0.34921875 0.11171875 0.11484375 0.1078125
1 0.203125 0.3015625 0.10234375 0.14609375
10 0.3390625 0.29140625 0.0890625 0.096875
0 0.353125 0.49296875 0.0890625 0.09140625
8 0.58671875 0.275 0.1234375 0.06484375
7 0.59921875 0.49296875 0.1109375 0.10859375
11 0.16328125 0.89375 0.07890625 0.1453125
5 0.32265625 0.91953125 0.071875 0.06953125
6 0.8609375 0.10234375 0.2046875 0.09609375
3 0.8609375 0.21484375 0.0890625 0.0828125
3 0.8640625 0.40234375 0.08828125 0.084375
3 0.86015625 0.5953125 0.09375 0.0875
0 0.86640625 0.80390625 0.0921875 0.1