1 0.06796875 0.21328125 0.10703125 0.10703125
1 0.0671875 0.3796875 0.10859375 0.10078125
3 0.23984375 0.28046875 0.0625 0.08515625
10 0.30546875 0.51171875 0.065625 0.09765625
3 0.4015625 0.775 0.0609375 0.084375
3 0.47109375 0.7796875 0.06015625 0.0859375
3 0.5390625 0.78203125 0.0625 0.0890625
6 0.6484375 0.78125 0.06796875 0.20546875
4 0.72265625 0.30078125 0.109375 0.17265625
0 0.67421875 0.15625 0.06953125 0.09375
8 0.66640625 0.49921875 0.0515625 0.12578125
11 0.86640625 0.18125 0.0546875 0.15625
5 0.9625 0.26640625 0.04921875 0.071875
5 0.953125 0.5171875 0.05078125 0.06953125