10 0.09296875 0.0734375 0.1 0.09453125
10 0.09296875 0.2015625 0.10078125 0.10078125
7 0.7390625 0.11015625 0.11328125 0.11875
1 0.903125 0.134375 0.10859375 0.16015625
3 0.184375 0.42265625 0.08515625 0.0875
6 0.48359375 0.4875 0.09765625 0.09921875
11 0.70234375 0.3828125 0.15546875 0.07890625
5 0.93671875 0.353125 0.0734375 0.07578125
6 0.25078125 0.840625 0.09921875 0.21796875
3 0.390625 0.8390625 0.09140625 0.0921875
3 0.54921875 0.775 0.09453125 0.09375
10 0.55078125 0.91796875 0.10703125 0.09765625