11 0.15703125 0.790625 0.1828125 0.0796875
5 0.134375 0.9453125 0.084375 0.071875
9 0.39921875 0.75625 0.109375 0.075
3 0.075 0.63515625 0.0984375 0.0875
3 0.421875 0.6421875 0.1015625 0.084375
1 0.09140625 0.4921875 0.11875 0.1546875
3 0.25 0.47421875 0.096875 0.090625
1 0.4 0.4984375 0.11875 0.153125
8 0.10390625 0.2453125 0.1484375 0.075
4 0.24765625 0.103125 0.1734375 0.134375
3 0.56953125 0.93828125 0.1 0.0875
6 0.65703125 0.74765625 0.24375 0.090625
6 0.83828125 0.51875 0.109375 0.21875
7 0.625 0.5234375 0.13125 0.11875
7 0.65859375 0.2796875 0.24375 0.0984375
3 0.92421875 0.065625 0.096875 0.090625