10 0.44921875 0.08046875 0.1015625 0.090625
3 0.609375 0.1609375 0.09375 0.0921875
3 0.4484375 0.221875 0.090625 0.0875
6 0.74453125 0.15859375 0.09375 0.215625
11 0.29453125 0.61484375 0.15625 0.08125
5 0.06171875 0.64765625 0.071875 0.075
10 0.5109375 0.51171875 0.096875 0.096875
3 0.8125 0.5765625 0.090625 0.0875
12 0.93125 0.62265625 0.059375 0.1390625
1 0.09375 0.8640625 0.1046875 0.15625
7 0.25859375 0.8890625 0.11875 0.11875
10 0.90390625 0.79921875 0.103125 0.09375
10 0.90078125 0.9234375 0.10625 0.090625