6 0.9046875 0.296875 0.0875 0.16875
3 0.73984375 0.30078125 0.075 0.075
3 0.5765625 0.3 0.078125 0.075
3 0.40078125 0.29921875 0.0828125 0.071875
3 0.08671875 0.1421875 0.08125 0.071875
3 0.7203125 0.94140625 0.0734375 0.075
10 0.553125 0.17734375 0.084375 0.078125
10 0.1 0.3609375 0.09375 0.0765625
6 0.24140625 0.29375 0.084375 0.171875
11 0.76875 0.5796875 0.134375 0.065625
5 0.946875 0.5765625 0.0671875 0.0609375
1 0.8953125 0.85234375 0.1375 0.090625
4 0.33515625 0.68203125 0.1421875 0.1484375
4 0.3296875 0.8515625 0.140625 0.1484375
12 0.1828125 0.625 0.059375 0.1296875
8 0.18671875 0.8921875 0.0625 0.1015625