10 0.77734375 0.90078125 0.128125 0.08125
10 0.57734375 0.81484375 0.1234375 0.0875
10 0.3265625 0.9046875 0.13125 0.08125
7 0.55390625 0.9171875 0.153125 0.0953125
11 0.89296875 0.66640625 0.1 0.13125
11 0.59609375 0.665625 0.1125 0.1359375
5 0.93203125 0.50234375 0.0953125 0.0609375
5 0.5703125 0.50390625 0.096875 0.0625
4 0.1203125 0.659375 0.1703125 0.1234375
8 0.1171875 0.53125 0.165625 0.0609375
3 0.7671875 0.23359375 0.1125 0.075
3 0.11796875 0.23515625 0.1203125 0.0796875
1 0.77734375 0.103125 0.196875 0.090625
1 0.1609375 0.11484375 0.2 0.0890625