4 0.4640625 0.2453125 0.159375 0.228125
12 0.36484375 0.4046875 0.05234375 0.16484375
11 0.70546875 0.0953125 0.15625 0.096875
3 0.81328125 0.20078125 0.0859375 0.1078125
3 0.86484375 0.34921875 0.08515625 0.1109375
5 0.6546875 0.36640625 0.07578125 0.09921875
3 0.26875 0.3484375 0.08359375 0.10546875
10 0.14921875 0.3015625 0.096875 0.1109375
1 0.2546875 0.11953125 0.1015625 0.18671875
6 0.11171875 0.70546875 0.09453125 0.26171875
7 0.38671875 0.71484375 0.11796875 0.1390625
10 0.5921875 0.63359375 0.1078125 0.1140625
10 0.5921875 0.77578125 0.103125 0.1140625
3 0.753125 0.70078125 0.08984375 0.10703125
6 0.8765625 0.70234375 0.09609375 0.2578125