4 0.21171875 0.14765625 0.1421875 0.16640625
8 0.05078125 0.07734375 0.06640625 0.1140625
8 0.04765625 0.20234375 0.06015625 0.115625
1 0.09375 0.36328125 0.1328125 0.09453125
1 0.1 0.5390625 0.1359375 0.09375
10 0.2375 0.45 0.09140625 0.08359375
11 0.54453125 0.2390625 0.06875 0.1390625
11 0.828125 0.2484375 0.06796875 0.140625
3 0.9359375 0.29140625 0.075 0.08046875
5 0.54375 0.0546875 0.07265625 0.06328125
5 0.7171875 0.05859375 0.0671875 0.06875
5 0.85 0.05703125 0.0671875 0.0671875
7 0.68984375 0.53671875 0.10234375 0.10546875
6 0.07265625 0.784375 0.0875 0.1921875
3 0.32109375 0.7828125 0.078125 0.08125
10 0.50859375 0.82265625 0.0859375 0.096875