1 0.93359375 0.7421875 0.103125 0.1
1 0.93046875 0.57578125 0.1046875 0.0984375
3 0.771875 0.665625 0.0625 0.08125
3 0.1859375 0.62890625 0.0625 0.0875
10 0.17578125 0.50390625 0.0609375 0.0984375
10 0.09765625 0.50390625 0.0671875 0.096875
6 0.19453125 0.76171875 0.14375 0.09375
4 0.665625 0.2171875 0.128125 0.15625
8 0.82265625 0.32421875 0.05 0.125
8 0.821875 0.1203125 0.05 0.125
11 0.38984375 0.303125 0.1140625 0.078125
11 0.38984375 0.12734375 0.1078125 0.078125
5 0.18359375 0.21796875 0.053125 0.075