10 0.840625 0.0921875 0.084375 0.1015625
10 0.7265625 0.09140625 0.084375 0.1015625
3 0.796875 0.21796875 0.084375 0.09375
1 0.7890625 0.43828125 0.146875 0.103125
7 0.48203125 0.41875 0.1078125 0.11875
11 0.840625 0.6921875 0.075 0.1625
5 0.8265625 0.91796875 0.0703125 0.0734375
12 0.5953125 0.75 0.0546875 0.1375
10 0.53359375 0.9125 0.090625 0.1
6 0.1421875 0.24765625 0.2015625 0.0953125
3 0.1453125 0.38984375 0.0875 0.096875
3 0.20234375 0.5515625 0.0828125 0.09375
10 0.07421875 0.55078125 0.0859375 0.1046875