1 0.778125 0.9125 0.1234375 0.09375
0 0.6390625 0.94765625 0.078125 0.0828125
3 0.803125 0.7359375 0.075 0.0765625
8 0.6546875 0.61171875 0.103125 0.065625
7 0.746875 0.50390625 0.096875 0.1
8 0.7984375 0.37578125 0.103125 0.065625
6 0.834375 0.15859375 0.0734375 0.1875
7 0.70625 0.196875 0.09375 0.1015625
3 0.71875 0.0640625 0.0703125 0.08125
5 0.47265625 0.27109375 0.059375 0.0671875
5 0.453125 0.05234375 0.0625 0.0671875
11 0.2328125 0.203125 0.125 0.071875
11 0.24453125 0.090625 0.128125 0.071875