1 0.9328125 0.8640625 0.1078125 0.109375
1 0.9328125 0.68125 0.10625 0.109375
3 0.76015625 0.78828125 0.0609375 0.096875
10 0.69375 0.534375 0.06875 0.1046875
10 0.80859375 0.23359375 0.0671875 0.221875
3 0.7140625 0.09765625 0.0625 0.096875
11 0.63984375 0.31875 0.0546875 0.1671875
5 0.35625 0.28125 0.0515625 0.078125
3 0.2515625 0.07421875 0.065625 0.09375
4 0.27734375 0.7640625 0.109375 0.19375
0 0.32734375 0.928125 0.0671875 0.1
8 0.33125 0.55078125 0.053125 0.134375
5 0.0375 0.80546875 0.0515625 0.078125