1 0.21328125 0.93203125 0.10625 0.10625
1 0.3796875 0.9328125 0.1 0.109375
3 0.28046875 0.76015625 0.084375 0.0625
10 0.51171875 0.69453125 0.096875 0.065625
3 0.775 0.5984375 0.084375 0.0609375
3 0.7796875 0.52890625 0.0859375 0.059375
3 0.78203125 0.4609375 0.0890625 0.0625
6 0.78125 0.3515625 0.20625 0.06875
4 0.30078125 0.27734375 0.171875 0.109375
0 0.15625 0.32578125 0.09375 0.06875
8 0.49921875 0.33359375 0.125 0.0515625
11 0.18125 0.13359375 0.15625 0.0546875
5 0.26640625 0.0375 0.071875 0.05
5 0.5171875 0.046875 0.06875 0.05