10 0.09453125 0.8375 0.096875 0.0859375
6 0.2421875 0.66796875 0.096875 0.1953125
0 0.23046875 0.390625 0.09375 0.0890625
0 0.50625 0.38359375 0.0953125 0.0875
10 0.49765625 0.66875 0.096875 0.0875
7 0.37578125 0.66640625 0.11875 0.115625
3 0.26640625 0.21875 0.09375 0.0828125
3 0.40859375 0.215625 0.09375 0.084375
1 0.27734375 0.08125 0.153125 0.1
11 0.89609375 0.83984375 0.153125 0.075
5 0.92109375 0.6828125 0.06875 0.075
7 0.69765625 0.0796875 0.11875 0.103125
8 0.90703125 0.05859375 0.128125 0.0671875