3 0.09765625 0.84609375 0.084375 0.06875
1 0.3 0.83828125 0.1453125 0.08125
10 0.28984375 0.73203125 0.096875 0.0734375
10 0.2890625 0.5140625 0.090625 0.0734375
0 0.49140625 0.71953125 0.090625 0.0703125
0 0.5046875 0.51171875 0.090625 0.071875
6 0.103125 0.31796875 0.090625 0.159375
3 0.2140625 0.31796875 0.0859375 0.0703125
3 0.40390625 0.31640625 0.0875 0.06875
3 0.59375 0.31953125 0.08125 0.0671875
0 0.80390625 0.315625 0.090625 0.075
8 0.0734375 0.134375 0.0703125 0.1
7 0.25234375 0.103125 0.109375 0.0890625
4 0.8125 0.11796875 0.16875 0.121875
11 0.89296875 0.8703125 0.1453125 0.059375
5 0.91875 0.74296875 0.071875 0.0578125