8 0.93125 0.09453125 0.06875 0.146875
4 0.5359375 0.15625 0.15 0.2
3 0.92265625 0.346875 0.08125 0.103125
1 0.87265625 0.5609375 0.1015625 0.171875
1 0.92265625 0.86640625 0.0953125 0.171875
7 0.3875 0.6828125 0.109375 0.128125
6 0.23984375 0.70078125 0.09375 0.2390625
3 0.1921875 0.11796875 0.08125 0.1
3 0.1875 0.3890625 0.08125 0.0984375
11 0.08203125 0.1453125 0.071875 0.1734375
9 0.05625 0.484375 0.0703125 0.1046875
5 0.0546875 0.63203125 0.06875 0.0875
11 0.0796875 0.8625 0.078125 0.1734375