11 0.10546875 0.11953125 0.09296875 0.153125
11 0.403125 0.11796875 0.09609375 0.1515625
5 0.0703125 0.31015625 0.09140625 0.071875
5 0.43046875 0.31015625 0.09296875 0.071875
4 0.240625 0.73046875 0.23671875 0.16328125
8 0.13046875 0.85546875 0.16328125 0.06640625
1 0.83125 0.0921875 0.1921875 0.103125
3 0.88515625 0.190625 0.115625 0.08515625
1 0.83515625 0.31953125 0.18828125 0.10390625
10 0.77734375 0.5953125 0.115625 0.09453125
10 0.9171875 0.6890625 0.121875 0.0921875
10 0.7828125 0.81328125 0.1125 0.09765625
7 0.7734375 0.70234375 0.146875 0.1109375