4 0.5375 0.8140625 0.159375 0.175
3 0.73125 0.73828125 0.0984375 0.084375
1 0.746875 0.9109375 0.109375 0.14375
11 0.29140625 0.928125 0.16875 0.071875
5 0.34609375 0.72890625 0.075 0.0671875
6 0.88671875 0.46796875 0.103125 0.2015625
7 0.75078125 0.496875 0.115625 0.1109375
3 0.18671875 0.4734375 0.09375 0.084375
12 0.06640625 0.4328125 0.0609375 0.121875
10 0.653125 0.265625 0.10625 0.0875
10 0.65234375 0.15625 0.1046875 0.084375
3 0.21640625 0.21328125 0.09375 0.0859375
6 0.09375 0.21484375 0.10625 0.2