3 0.2390625 0.21171875 0.06015625 0.0921875
1 0.0671875 0.13671875 0.1078125 0.11015625
1 0.06796875 0.3171875 0.1078125 0.11328125
10 0.30546875 0.46484375 0.0640625 0.10390625
0 0.67265625 0.07265625 0.0671875 0.0984375
4 0.7234375 0.234375 0.1125 0.18984375
8 0.6671875 0.44921875 0.05234375 0.134375
5 0.9609375 0.19140625 0.05234375 0.08203125
11 0.31953125 0.66484375 0.05546875 0.16640625
5 0.63046875 0.6109375 0.05390625 0.07890625
3 0.2046875 0.8953125 0.06328125 0.09765625
0 0.3046875 0.88359375 0.06953125 0.10390625
0 0.75234375 0.8984375 0.06953125 0.0984375