4 0.4625 0.1859375 0.15859375 0.17578125
3 0.26875 0.26171875 0.0984375 0.08515625
1 0.253125 0.0890625 0.10859375 0.14453125
11 0.70859375 0.071875 0.16875 0.071875
5 0.65390625 0.27109375 0.07421875 0.0671875
6 0.11328125 0.53203125 0.10234375 0.2015625
7 0.24921875 0.503125 0.11640625 0.1109375
3 0.81328125 0.5265625 0.09453125 0.084375
12 0.93359375 0.5671875 0.0609375 0.12109375
10 0.346875 0.734375 0.10625 0.08828125
10 0.34765625 0.84375 0.1046875 0.084375
3 0.78359375 0.78671875 0.09375 0.0859375
6 0.90625 0.78515625 0.10546875 0.2