11 0.1078125 0.13203125 0.096875 0.16875
11 0.40546875 0.13203125 0.0984375 0.171875
5 0.071875 0.34375 0.090625 0.08125
5 0.43359375 0.34296875 0.0953125 0.0796875
10 0.8125 0.16640625 0.11875 0.115625
10 0.60390625 0.32421875 0.1296875 0.096875
10 0.79375 0.4578125 0.121875 0.109375
7 0.8125 0.32265625 0.15 0.128125
8 0.1296875 0.68203125 0.1625 0.078125
5 0.1109375 0.921875 0.09375 0.08125
4 0.36484375 0.88125 0.16875 0.165625
10 0.70078125 0.89609375 0.115625 0.1109375
10 0.86015625 0.890625 0.11875 0.10625