1 0.121875 0.0703125 0.1875 0.10625
1 0.14140625 0.3203125 0.19375 0.109375
3 0.39375 0.08046875 0.1125 0.1
3 0.4140625 0.315625 0.1125 0.096875
11 0.87890625 0.065625 0.19375 0.084375
5 0.66796875 0.17109375 0.1 0.075
8 0.58671875 0.3125 0.084375 0.1359375
7 0.83125 0.31328125 0.14375 0.125
10 0.7609375 0.578125 0.115625 0.109375
10 0.88515625 0.690625 0.121875 0.096875
10 0.6296875 0.69140625 0.121875 0.096875
10 0.77421875 0.81171875 0.115625 0.1078125
10 0.365625 0.88828125 0.13125 0.096875
3 0.75859375 0.69140625 0.109375 0.09375