3 0.78828125 0.2390625 0.0921875 0.059375
1 0.86328125 0.0671875 0.109375 0.1078125
1 0.6828125 0.06796875 0.1125 0.1078125
10 0.53515625 0.30546875 0.103125 0.0640625
0 0.92734375 0.67265625 0.0984375 0.0671875
4 0.765625 0.7234375 0.190625 0.1125
8 0.55078125 0.6671875 0.134375 0.053125
5 0.80859375 0.9609375 0.08125 0.053125
11 0.33515625 0.31953125 0.165625 0.05625
5 0.3890625 0.63046875 0.078125 0.053125
3 0.1046875 0.2046875 0.096875 0.0625
0 0.11640625 0.3046875 0.103125 0.06875
0 0.1015625 0.75234375 0.0984375 0.0703125