3 0.8015625 0.81328125 0.1125 0.0921875
3 0.64921875 0.865625 0.1078125 0.090625
11 0.9078125 0.70703125 0.0984375 0.1515625
5 0.63671875 0.65546875 0.1 0.0765625
6 0.29921875 0.878125 0.2640625 0.096875
3 0.29921875 0.75625 0.115625 0.0875
10 0.36875 0.59453125 0.115625 0.1046875
10 0.22421875 0.59453125 0.121875 0.103125
7 0.284375 0.38984375 0.146875 0.11875
4 0.7578125 0.46953125 0.2265625 0.1609375
8 0.93359375 0.51640625 0.0875 0.125
12 0.60234375 0.36484375 0.165625 0.05625
1 0.8734375 0.25546875 0.2 0.103125
3 0.653125 0.26875 0.115625 0.0875
10 0.6984375 0.15234375 0.1203125 0.0984375
6 0.29609375 0.1140625 0.26875 0.096875