11 0.27578125 0.071875 0.1609375 0.078125
1 0.5234375 0.1359375 0.1109375 0.15
1 0.7390625 0.14140625 0.103125 0.1453125
3 0.5125 0.3234375 0.0890625 0.0828125
5 0.33515625 0.32578125 0.08125 0.071875
6 0.11328125 0.52890625 0.1 0.203125
7 0.2484375 0.50546875 0.125 0.1125
3 0.8125 0.52734375 0.096875 0.08125
12 0.9296875 0.5703125 0.0625 0.125
10 0.34921875 0.73515625 0.10625 0.0875
10 0.35078125 0.84375 0.10625 0.090625
3 0.7828125 0.78828125 0.09375 0.084375
6 0.903125 0.78671875 0.096875 0.2