0 0.103125 0.9234375 0.090625 0.075
3 0.91875 0.890625 0.0875 0.06875
8 0.046875 0.721875 0.065625 0.096875
7 0.1203125 0.60546875 0.1078125 0.0921875
1 0.3015625 0.7046875 0.14375 0.0796875
10 0.290625 0.596875 0.09375 0.0703125
10 0.29140625 0.38046875 0.0953125 0.071875
0 0.4921875 0.5859375 0.0921875 0.075
0 0.50546875 0.3765625 0.0921875 0.075
11 0.89140625 0.7375 0.146875 0.0609375
5 0.9203125 0.61015625 0.075 0.0578125
6 0.10234375 0.18125 0.0875 0.1625
3 0.2171875 0.1828125 0.084375 0.0671875
3 0.403125 0.18046875 0.084375 0.06875
3 0.5953125 0.1828125 0.08125 0.071875
0 0.80390625 0.1796875 0.0921875 0.078125