4 0.8921875 0.46171875 0.1765625 0.15
4 0.5765625 0.25078125 0.178125 0.153125
1 0.8234375 0.2609375 0.10625 0.14375
3 0.4046875 0.22265625 0.090625 0.090625
6 0.265625 0.23125 0.096875 0.19375
12 0.7171875 0.68046875 0.128125 0.053125
8 0.546875 0.68046875 0.13125 0.0703125
2 0.2671875 0.66328125 0.15625 0.075
11 0.26875 0.66484375 0.15625 0.0734375
9 0.22109375 0.4203125 0.09375 0.065625
9 0.09140625 0.41875 0.09375 0.0734375
3 0.08671875 0.8234375 0.090625 0.084375
3 0.925 0.81875 0.090625 0.0796875
0 0.759375 0.8140625 0.096875 0.0890625