6 0.74921875 0.159375 0.09375 0.215625
3 0.60859375 0.1578125 0.0875 0.090625
3 0.4515625 0.221875 0.0875 0.090625
10 0.4515625 0.0796875 0.1 0.09375
3 0.8171875 0.5765625 0.0921875 0.0953125
10 0.515625 0.51015625 0.10625 0.103125
10 0.9078125 0.79609375 0.1 0.0953125
10 0.909375 0.92109375 0.1 0.096875
11 0.29921875 0.61328125 0.159375 0.0796875
5 0.0625 0.646875 0.071875 0.08125
7 0.26171875 0.88515625 0.1171875 0.11875
1 0.09609375 0.86328125 0.103125 0.1609375
12 0.9328125 0.62421875 0.05625 0.140625