4 0.78828125 0.85234375 0.1421875 0.165625
8 0.94921875 0.92265625 0.065625 0.1140625
8 0.95234375 0.79765625 0.059375 0.115625
1 0.90625 0.63671875 0.1328125 0.0953125
1 0.9 0.4609375 0.1359375 0.09375
10 0.7625 0.55 0.090625 0.084375
11 0.45546875 0.7609375 0.06875 0.1390625
11 0.171875 0.7515625 0.06875 0.140625
3 0.0640625 0.70859375 0.075 0.08125
5 0.45625 0.9453125 0.071875 0.0625
5 0.2828125 0.94140625 0.0671875 0.06875
5 0.15 0.94296875 0.0671875 0.0671875
7 0.31015625 0.46328125 0.103125 0.10625
6 0.92734375 0.215625 0.0875 0.1921875
3 0.67890625 0.2171875 0.078125 0.08125
10 0.49140625 0.17734375 0.0859375 0.096875