1 0.35078125 0.91796875 0.19375 0.103125
7 0.221875 0.76484375 0.1484375 0.115625
1 0.36640625 0.56953125 0.125 0.15625
5 0.071875 0.3734375 0.0890625 0.075
11 0.2640625 0.2265625 0.096875 0.1625
9 0.434375 0.3875 0.0890625 0.0953125
9 0.421875 0.09140625 0.0984375 0.09375
10 0.6578125 0.809375 0.115625 0.096875
10 0.6484375 0.57578125 0.1171875 0.0984375
3 0.64609375 0.684375 0.10625 0.084375
3 0.64453125 0.46015625 0.109375 0.0875
4 0.784375 0.2140625 0.175 0.121875
8 0.58984375 0.115625 0.1625 0.06875