6 0.296875 0.0953125 0.16953125 0.08671875
3 0.30078125 0.26015625 0.07421875 0.07578125
3 0.3 0.4234375 0.075 0.07734375
3 0.29921875 0.59921875 0.07109375 0.0828125
3 0.1421875 0.91328125 0.071875 0.08125
3 0.94140625 0.2796875 0.07578125 0.0734375
10 0.17734375 0.446875 0.078125 0.08515625
10 0.3609375 0.9 0.0765625 0.09375
6 0.29375 0.75859375 0.171875 0.084375
11 0.5796875 0.23125 0.06484375 0.13515625
5 0.5765625 0.053125 0.06015625 0.0671875
1 0.85234375 0.1046875 0.090625 0.13828125
4 0.68203125 0.66484375 0.1484375 0.1421875
4 0.8515625 0.6703125 0.1484375 0.140625
12 0.625 0.8171875 0.1296875 0.06015625
8 0.8921875 0.81328125 0.1015625 0.0625