4 0.78046875 0.1953125 0.209375 0.18359375
12 0.559375 0.09140625 0.06953125 0.1328125
8 0.93203125 0.4546875 0.08828125 0.12734375
8 0.934375 0.6265625 0.08203125 0.125
9 0.92578125 0.90859375 0.0953125 0.09375
0 0.43046875 0.1203125 0.1171875 0.09296875
1 0.4234375 0.2859375 0.12578125 0.159375
3 0.303125 0.3234375 0.10859375 0.08515625
6 0.3109375 0.50234375 0.2703125 0.09765625
6 0.321875 0.7328125 0.26328125 0.09296875
3 0.30703125 0.5953125 0.1203125 0.08984375
11 0.5875 0.75546875 0.1078125 0.15
11 0.5859375 0.90625 0.10859375 0.15