1 0.13125 0.2046875 0.09609375 0.09140625
1 0.13046875 0.34375 0.090625 0.0875
10 0.3390625 0.209375 0.059375 0.084375
0 0.22578125 0.11328125 0.0609375 0.08046875
11 0.6375 0.2234375 0.0484375 0.1328125
11 0.77578125 0.22109375 0.04765625 0.13203125
11 0.88203125 0.2234375 0.05 0.128125
5 0.63515625 0.340625 0.04140625 0.0625
5 0.88203125 0.35703125 0.04765625 0.0703125
7 0.28203125 0.6296875 0.0703125 0.0984375
8 0.22578125 0.7671875 0.0421875 0.10625
10 0.4359375 0.5703125 0.0609375 0.0765625
10 0.4359375 0.68828125 0.0625 0.0765625
7 0.6265625 0.63125 0.06953125 0.0984375
3 0.73671875 0.78828125 0.05 0.0765625