4 0.78984375 0.86953125 0.1625 0.134375
4 0.590625 0.8640625 0.1671875 0.1390625
8 0.94921875 0.81796875 0.0640625 0.1078125
1 0.1015625 0.9234375 0.1390625 0.084375
3 0.0921875 0.746875 0.0828125 0.078125
6 0.8375 0.41796875 0.190625 0.0859375
3 0.8296875 0.31015625 0.084375 0.0765625
10 0.87109375 0.19609375 0.08125 0.0859375
10 0.7640625 0.196875 0.084375 0.0875
5 0.37890625 0.5578125 0.06875 0.0609375
5 0.2484375 0.553125 0.0734375 0.065625
11 0.25234375 0.39765625 0.075 0.134375
11 0.11953125 0.4015625 0.06875 0.128125