10 0.08046875 0.55078125 0.090625 0.1015625
3 0.1609375 0.390625 0.0921875 0.09375
3 0.221875 0.5515625 0.0875 0.090625
6 0.15859375 0.25546875 0.215625 0.09375
11 0.61484375 0.70546875 0.08125 0.15625
5 0.64765625 0.93828125 0.075 0.071875
10 0.51171875 0.4890625 0.096875 0.096875
3 0.5765625 0.1875 0.0875 0.090625
12 0.62265625 0.06875 0.1390625 0.059375
1 0.8640625 0.90625 0.15625 0.1046875
7 0.8890625 0.74140625 0.11875 0.1203125
10 0.79921875 0.09609375 0.09375 0.103125
10 0.9234375 0.09921875 0.090625 0.10625