1 0.0671875 0.25625 0.10625 0.1
1 0.06953125 0.41953125 0.1046875 0.1
3 0.2265625 0.33125 0.065625 0.084375
10 0.296875 0.1703125 0.071875 0.09375
10 0.6015625 0.75390625 0.06875 0.0875
3 0.78671875 0.93671875 0.0625 0.0875
3 0.18671875 0.9203125 0.0625 0.090625
6 0.31953125 0.74453125 0.06875 0.203125
4 0.4515625 0.7609375 0.128125 0.153125
4 0.8109375 0.29609375 0.125 0.15625
12 0.70546875 0.153125 0.109375 0.0625
8 0.93359375 0.5171875 0.090625 0.0703125
11 0.4796875 0.41953125 0.1109375 0.078125
5 0.47734375 0.30390625 0.05625 0.071875