3 0.134375 0.31015625 0.07578125 0.0484375
6 0.13515625 0.3140625 0.07734375 0.04765625
6 0.0765625 0.50390625 0.03359375 0.09453125
6 0.22421875 0.50625 0.03515625 0.09296875
3 0.1515625 0.43203125 0.04296875 0.05859375
3 0.0453125 0.940625 0.04375 0.05234375
3 0.1671875 0.9421875 0.04375 0.05859375
1 0.3671875 0.33359375 0.0578125 0.05078125
1 0.37109375 0.52265625 0.05546875 0.04921875
1 0.371875 0.71796875 0.0609375 0.04609375
1 0.37734375 0.9078125 0.0609375 0.05546875
3 0.53671875 0.4203125 0.04609375 0.053125
3 0.54296875 0.8046875 0.04765625 0.05703125
4 0.3671875 0.11640625 0.06640625 0.0796875
4 0.525 0.11640625 0.06953125 0.0796875
4 0.69921875 0.11875 0.07109375 0.0765625
8 0.11875 0.07109375 0.03515625 0.07734375
8 0.1140625 0.18046875 0.03359375 0.07734375
7 0.95 0.059375 0.05859375 0.07265625
7 0.67109375 0.3359375 0.06015625 0.071875
7 0.67109375 0.528125 0.06171875 0.06953125
7 0.67421875 0.71953125 0.05859375 0.0765625
7 0.67890625 0.91171875 0.05703125 0.075
5 0.9578125 0.2109375 0.0359375 0.0546875
5 0.97109375 0.4140625 0.03671875 0.05390625
9 0.759375 0.45078125 0.03359375 0.04609375
0 0.765625 0.33125 0.04609375 0.06171875
11 0.7671875 0.55546875 0.0421875 0.0921875