1 0.29609375 0.18828125 0.16171875 0.1359375
12 0.246875 0.06640625 0.1359375 0.05390625
8 0.765625 0.25078125 0.0640625 0.1078125
7 0.63984375 0.06953125 0.10390625 0.09921875
6 0.49921875 0.43515625 0.1875 0.084375
3 0.078125 0.60078125 0.08046875 0.07421875
3 0.50078125 0.5359375 0.08125 0.07421875
3 0.6890625 0.53828125 0.08125 0.078125
11 0.86953125 0.58203125 0.06875 0.13203125
9 0.86953125 0.375 0.0859375 0.0640625
3 0.27890625 0.73046875 0.08359375 0.07890625
3 0.7578125 0.74375 0.0828125 0.07890625
1 0.30859375 0.83515625 0.1328125 0.0875
1 0.725 0.86328125 0.1328125 0.0859375
1 0.3109375 0.953125 0.1375 0.07734375