1 0.18515625 0.31796875 0.046875 0.115625
1 0.08515625 0.12734375 0.05078125 0.11484375
1 0.27890625 0.12578125 0.05390625 0.11328125
1 0.6984375 0.0828125 0.05 0.11171875
1 0.79609375 0.27109375 0.0515625 0.1140625
1 0.890625 0.07734375 0.05078125 0.11484375
3 0.04921875 0.39609375 0.04296875 0.06640625
3 0.32578125 0.415625 0.04140625 0.0703125
3 0.6609375 0.346875 0.04296875 0.06484375
3 0.93671875 0.3671875 0.04375 0.0671875
4 0.5046875 0.28828125 0.08515625 0.125
4 0.540625 0.49375 0.08828125 0.11640625
8 0.4 0.08046875 0.0359375 0.1015625
8 0.6015625 0.07578125 0.034375 0.09375
12 0.534375 0.68984375 0.07421875 0.05390625
12 0.64453125 0.690625 0.07421875 0.0484375
6 0.2359375 0.57421875 0.09765625 0.071875
6 0.234375 0.8140625 0.096875 0.078125
0 0.0953125 0.69765625 0.04453125 0.0765625
0 0.36875 0.71171875 0.05234375 0.0703125
3 0.1921875 0.69921875 0.04296875 0.07109375
3 0.2875 0.70078125 0.04375 0.06953125
11 0.7625 0.61171875 0.040625 0.11640625
11 0.9515625 0.85 0.04140625 0.11171875
11 0.528125 0.85078125 0.0421875 0.11640625
5 0.89609375 0.52265625 0.03671875 0.05546875
9 0.675 0.878125 0.04765625 0.0625
9 0.84140625 0.87890625 0.0484375 0.0578125