4 0.1640625 0.70078125 0.1078125 0.090625
8 0.06328125 0.96484375 0.0859375 0.040625
8 0.22734375 0.9640625 0.084375 0.0421875
12 0.04453125 0.64609375 0.046875 0.08125
7 0.1390625 0.840625 0.078125 0.065625
7 0.12734375 0.21875 0.078125 0.0640625
6 0.5015625 0.6328125 0.140625 0.0515625
6 0.50703125 0.33515625 0.134375 0.053125
6 0.58515625 0.490625 0.065625 0.1109375
3 0.48125 0.490625 0.059375 0.046875
11 0.159375 0.540625 0.1015625 0.0421875
11 0.21640625 0.3546875 0.1 0.0484375
9 0.04609375 0.35703125 0.05 0.0546875
5 0.046875 0.53671875 0.05 0.0453125
3 0.79140625 0.66796875 0.0625 0.05
1 0.9328125 0.66640625 0.071875 0.0828125
0 0.9484375 0.44296875 0.0671875 0.053125
1 0.78671875 0.2828125 0.103125 0.0578125
1 0.7875 0.08125 0.1015625 0.05625
3 0.953125 0.2078125 0.0609375 0.0484375
3 0.95078125 0.14921875 0.059375 0.046875