1 0.95546875 0.74453125 0.0609375 0.16875
1 0.95078125 0.4796875 0.059375 0.175
3 0.85546875 0.64765625 0.053125 0.0984375
3 0.65234375 0.68203125 0.053125 0.103125
3 0.52890625 0.684375 0.05 0.096875
6 0.58515625 0.8109375 0.11875 0.109375
10 0.6609375 0.48359375 0.053125 0.1078125
10 0.5203125 0.48359375 0.0546875 0.1125
10 0.31484375 0.24375 0.05 0.1125
10 0.25234375 0.246875 0.0546875 0.1125
10 0.18046875 0.2453125 0.05625 0.109375
1 0.4125 0.14921875 0.065625 0.175
10 0.240625 0.459375 0.05625 0.115625
3 0.2328125 0.66015625 0.053125 0.096875
8 0.4046875 0.765625 0.0453125 0.146875
11 0.07421875 0.81015625 0.0921875 0.090625
5 0.14921875 0.43828125 0.04375 0.0875