11 0.93984375 0.86953125 0.0875 0.16875
5 0.9453125 0.66171875 0.078125 0.08125
11 0.9453125 0.4703125 0.0828125 0.1734375
11 0.9421875 0.1484375 0.0859375 0.171875
3 0.6703125 0.384375 0.09375 0.096875
3 0.65703125 0.14609375 0.0984375 0.096875
3 0.51015625 0.25546875 0.09375 0.09375
1 0.65859375 0.26171875 0.1625 0.1125
3 0.32578125 0.84609375 0.103125 0.0984375
3 0.47890625 0.92578125 0.096875 0.0984375
3 0.48203125 0.5890625 0.096875 0.0984375
6 0.1921875 0.85703125 0.1015625 0.23125
4 0.1203125 0.32421875 0.1703125 0.2
8 0.053125 0.490625 0.084375 0.1390625
12 0.0515625 0.1140625 0.071875 0.171875