4 0.2484375 0.19140625 0.13515625 0.13359375
12 0.2078125 0.06796875 0.1171875 0.0546875
8 0.64453125 0.25234375 0.053125 0.10859375
7 0.5375 0.06953125 0.09140625 0.09921875
11 0.7265625 0.2046875 0.06171875 0.13359375
9 0.7828125 0.04609375 0.0765625 0.0625
6 0.42109375 0.4328125 0.1609375 0.084375
3 0.06640625 0.603125 0.06875 0.07421875
3 0.41953125 0.53671875 0.07109375 0.0734375
3 0.6109375 0.5375 0.0703125 0.078125
0 0.6046875 0.4328125 0.07421875 0.08125
3 0.2328125 0.7296875 0.06796875 0.075
3 0.6359375 0.7421875 0.0703125 0.07578125
1 0.2609375 0.83671875 0.1171875 0.0859375
1 0.6078125 0.86328125 0.11875 0.08828125
1 0.25703125 0.95234375 0.115625 0.08828125