1 0.284375 0.08046875 0.046875 0.096875
1 0.38984375 0.07734375 0.05 0.1
6 0.33046875 0.275 0.0921875 0.0625
0 0.70703125 0.0609375 0.04375 0.065625
3 0.71875 0.27265625 0.0390625 0.059375
7 0.70859375 0.16640625 0.0546875 0.075
11 0.05078125 0.41953125 0.0375 0.103125
11 0.04921875 0.5921875 0.0375 0.103125
5 0.14921875 0.34453125 0.0359375 0.05
9 0.1625 0.63046875 0.040625 0.053125
6 0.49765625 0.396875 0.0953125 0.06875
6 0.50078125 0.5875 0.09375 0.065625
3 0.4234375 0.49765625 0.0421875 0.059375
3 0.5109375 0.49921875 0.040625 0.0625
3 0.59296875 0.49921875 0.04375 0.059375
0 0.2640625 0.38515625 0.04375 0.065625
0 0.7234375 0.3921875 0.04375 0.065625
4 0.6421875 0.7609375 0.08125 0.109375
4 0.3140625 0.91640625 0.084375 0.10625
8 0.2796875 0.72578125 0.0359375 0.084375
12 0.70703125 0.953125 0.071875 0.04375
11 0.82421875 0.42890625 0.0375 0.103125
11 0.8234375 0.6 0.0375 0.1
5 0.92265625 0.3546875 0.0359375 0.05
9 0.9359375 0.640625 0.046875 0.05625