6 0.07578125 0.78671875 0.0875 0.190625
3 0.0734375 0.94765625 0.075 0.078125
3 0.321875 0.784375 0.08125 0.0859375
10 0.5078125 0.82421875 0.08125 0.096875
10 0.23671875 0.4484375 0.090625 0.0875
1 0.1015625 0.54140625 0.1375 0.096875
1 0.0953125 0.365625 0.1375 0.1
4 0.209375 0.14609375 0.140625 0.171875
8 0.05 0.20390625 0.065625 0.11875
8 0.0515625 0.07578125 0.065625 0.11875
11 0.54765625 0.2390625 0.071875 0.146875
11 0.82890625 0.24765625 0.06875 0.146875
5 0.5453125 0.05859375 0.065625 0.0671875
5 0.7171875 0.0578125 0.065625 0.0703125
5 0.85390625 0.06015625 0.065625 0.06875
3 0.93984375 0.29140625 0.075 0.084375
7 0.6921875 0.540625 0.103125 0.109375