1 0.3 0.0625 0.0640625 0.0875
1 0.30859375 0.3109375 0.065625 0.084375
1 0.6234375 0.05859375 0.0625 0.0875
1 0.6125 0.3171875 0.0625 0.084375
7 0.47890625 0.16875 0.071875 0.065625
4 0.54296875 0.48984375 0.109375 0.0875
4 0.6984375 0.490625 0.109375 0.0875
12 0.34375 0.425 0.090625 0.040625
8 0.96484375 0.44375 0.04375 0.075
1 0.06015625 0.45625 0.090625 0.059375
1 0.0625 0.58828125 0.090625 0.0640625
1 0.07109375 0.73203125 0.090625 0.05625
0 0.21328125 0.434375 0.0578125 0.0578125
3 0.06171875 0.84609375 0.059375 0.05
3 0.325 0.6828125 0.0546875 0.053125
3 0.33828125 0.9515625 0.05625 0.05
3 0.7359375 0.6625 0.053125 0.053125
3 0.7453125 0.95859375 0.0578125 0.046875
3 0.50234375 0.81953125 0.05 0.05
6 0.50234375 0.7515625 0.11875 0.0546875
6 0.50390625 0.8921875 0.128125 0.0546875
11 0.90703125 0.71484375 0.05 0.084375
9 0.9484375 0.56875 0.0578125 0.0453125
5 0.9640625 0.84921875 0.053125 0.040625