11 0.06953125 0.38671875 0.0578125 0.13515625
5 0.1984375 0.53828125 0.0515625 0.06796875
1 0.5171875 0.3484375 0.10859375 0.09140625
1 0.53046875 0.53125 0.10859375 0.090625
3 0.37421875 0.53125 0.06171875 0.0765625
10 0.81171875 0.11328125 0.0609375 0.08828125
10 0.89921875 0.1140625 0.0671875 0.09296875
10 0.825 0.3453125 0.06484375 0.08828125
10 0.89921875 0.3453125 0.06640625 0.08828125
3 0.8640625 0.23046875 0.06171875 0.078125
3 0.93671875 0.59609375 0.06171875 0.07890625
4 0.31328125 0.85703125 0.125 0.140625
4 0.67578125 0.85546875 0.13203125 0.14296875
4 0.83203125 0.8625 0.128125 0.1453125
8 0.05546875 0.79921875 0.05 0.1140625
8 0.96015625 0.8078125 0.05 0.1140625