3 0.13515625 0.76875 0.065625 0.084375
3 0.0609375 0.4046875 0.0625 0.0796875
3 0.6234375 0.46875 0.065625 0.0859375
10 0.10078125 0.88828125 0.0734375 0.09375
10 0.1875 0.88828125 0.0671875 0.09375
10 0.10078125 0.65625 0.06875 0.09375
10 0.1765625 0.65859375 0.0671875 0.090625
1 0.46875 0.46953125 0.109375 0.0921875
1 0.48203125 0.6515625 0.1125 0.0953125
4 0.16484375 0.1390625 0.125 0.140625
4 0.32265625 0.14453125 0.13125 0.14375
4 0.68515625 0.14765625 0.128125 0.1515625
8 0.03984375 0.19375 0.0546875 0.1171875
8 0.94375 0.2 0.05625 0.1203125
11 0.92890625 0.61484375 0.059375 0.1390625
5 0.80078125 0.465625 0.05625 0.0734375