10 0.0734375 0.09140625 0.09453125 0.1
10 0.2015625 0.09296875 0.1046875 0.10234375
3 0.121875 0.2203125 0.09296875 0.09296875
1 0.13359375 0.4390625 0.16328125 0.10703125
10 0.47578125 0.471875 0.0984375 0.1015625
6 0.83671875 0.2515625 0.22109375 0.09765625
3 0.840625 0.3921875 0.09375 0.0890625
3 0.77265625 0.5484375 0.09453125 0.09140625
10 0.9171875 0.5484375 0.10234375 0.09921875
11 0.38515625 0.7046875 0.0875 0.1578125
5 0.3515625 0.93515625 0.08359375 0.075
7 0.11015625 0.73515625 0.12421875 0.11796875
12 0.12265625 0.92890625 0.13984375 0.0625