6 0.8453125 0.0546875 0.240625 0.0765625
3 0.86328125 0.13359375 0.096875 0.06875
10 0.89375 0.2484375 0.103125 0.078125
3 0.80390625 0.49453125 0.096875 0.0734375
10 0.61640625 0.4375 0.1140625 0.0734375
10 0.6171875 0.540625 0.115625 0.0734375
11 0.93515625 0.78984375 0.0875 0.125
5 0.821875 0.82265625 0.084375 0.0578125
8 0.90234375 0.909375 0.146875 0.053125
4 0.58515625 0.8984375 0.153125 0.11875
1 0.30234375 0.75546875 0.11875 0.128125
1 0.12421875 0.76640625 0.11875 0.1265625
3 0.39296875 0.9328125 0.10625 0.071875