1 0.04453125 0.25546875 0.0609375 0.16796875
1 0.04921875 0.5203125 0.06015625 0.17421875
3 0.14453125 0.35234375 0.05234375 0.09765625
3 0.34765625 0.31796875 0.05390625 0.103125
3 0.47109375 0.315625 0.05078125 0.096875
6 0.41484375 0.1890625 0.11796875 0.10859375
10 0.3390625 0.51640625 0.05234375 0.1078125
10 0.4796875 0.51640625 0.0546875 0.1125
10 0.68515625 0.75625 0.05078125 0.11171875
10 0.74765625 0.753125 0.0546875 0.1125
10 0.81953125 0.7546875 0.05546875 0.10859375
1 0.5875 0.85078125 0.065625 0.17421875
10 0.759375 0.540625 0.05546875 0.11484375
3 0.7671875 0.33984375 0.053125 0.09765625
8 0.5953125 0.234375 0.0453125 0.14765625
11 0.92578125 0.18984375 0.0921875 0.090625
5 0.85078125 0.56171875 0.04375 0.0875