3 0.1796875 0.075 0.08125 0.09140625
0 0.1859375 0.24140625 0.0859375 0.09765625
3 0.17734375 0.91328125 0.0875 0.08828125
4 0.5375 0.10859375 0.14765625 0.178125
12 0.315625 0.28359375 0.05234375 0.1328125
8 0.3171875 0.4515625 0.06640625 0.1296875
11 0.33203125 0.73203125 0.078125 0.15859375
9 0.57421875 0.77578125 0.0734375 0.09609375
9 0.5765625 0.90546875 0.06953125 0.0953125
1 0.73828125 0.17421875 0.14140625 0.10703125
4 0.7484375 0.4203125 0.15 0.1828125
3 0.77421875 0.59453125 0.0859375 0.08984375
6 0.76328125 0.73203125 0.19375 0.09765625