6 0.05234375 0.103125 0.07890625 0.16328125
10 0.25078125 0.07109375 0.08671875 0.07265625
10 0.284375 0.2921875 0.08359375 0.07109375
3 0.1328125 0.09140625 0.07265625 0.071875
11 0.434375 0.04609375 0.12890625 0.06953125
10 0.43828125 0.25234375 0.07890625 0.0796875
10 0.53984375 0.25625 0.07734375 0.0828125
5 0.5984375 0.0515625 0.065625 0.06484375
8 0.69921875 0.07265625 0.0609375 0.10703125
8 0.95 0.0671875 0.06328125 0.10390625
4 0.89921875 0.275 0.1234375 0.103125
3 0.7109375 0.4078125 0.0734375 0.07265625
3 0.9328125 0.4046875 0.07578125 0.06953125
3 0.74609375 0.5734375 0.1296875 0.0828125
1 0.74765625 0.57265625 0.13046875 0.08515625
1 0.75546875 0.76328125 0.1328125 0.08515625
1 0.75546875 0.92109375 0.1328125 0.0828125
3 0.94375 0.92734375 0.075 0.07265625