6 0.128125 0.06015625 0.175 0.0859375
3 0.12890625 0.190625 0.0765625 0.07734375
3 0.2421875 0.1921875 0.075 0.078125
10 0.0734375 0.375 0.0765625 0.08984375
10 0.2921875 0.3796875 0.0796875 0.08515625
1 0.59296875 0.15390625 0.09375 0.1359375
1 0.7578125 0.15390625 0.08671875 0.13515625
1 0.9359375 0.15390625 0.0875 0.13515625
3 0.05078125 0.50546875 0.0703125 0.075
3 0.43515625 0.5484375 0.07734375 0.08515625
10 0.43515625 0.93359375 0.07734375 0.0859375
11 0.5703125 0.5015625 0.1296875 0.0703125
8 0.60703125 0.40703125 0.11171875 0.06484375
8 0.9578125 0.52265625 0.06015625 0.11171875
5 0.5390625 0.6828125 0.0609375 0.06484375
1 0.5796875 0.89765625 0.0890625 0.13515625
3 0.69921875 0.92578125 0.0765625 0.07890625
3 0.8125 0.925 0.07421875 0.07734375
1 0.92109375 0.909375 0.09375 0.13671875
4 0.8984375 0.37890625 0.13203125 0.1125