6 0.2109375 0.09140625 0.19609375 0.09609375
3 0.21015625 0.2140625 0.084375 0.0859375
3 0.471875 0.18359375 0.084375 0.08984375
12 0.428125 0.065625 0.12578125 0.05625
10 0.1546875 0.646875 0.084375 0.09609375
10 0.26328125 0.646875 0.08984375 0.10234375
7 0.49453125 0.7484375 0.10546875 0.11328125
6 0.46796875 0.884375 0.20078125 0.096875
11 0.925 0.29140625 0.07421875 0.15625
5 0.72109375 0.34296875 0.0703125 0.071875
4 0.815625 0.5328125 0.17109375 0.165625
3 0.7375 0.73125 0.08359375 0.090625
1 0.9078125 0.74296875 0.14296875 0.10703125