8 0.4296875 0.0546875 0.1046875 0.0640625
3 0.5515625 0.07578125 0.07578125 0.07421875
4 0.521875 0.23359375 0.13203125 0.15390625
1 0.3234375 0.58125 0.08828125 0.134375
1 0.49296875 0.56484375 0.08359375 0.134375
3 0.49453125 0.7546875 0.07578125 0.07265625
3 0.75078125 0.359375 0.0734375 0.0734375
3 0.82734375 0.87890625 0.07421875 0.0765625
10 0.871875 0.30703125 0.0796875 0.07890625
10 0.8703125 0.39609375 0.08203125 0.078125
10 0.71796875 0.84296875 0.0828125 0.07734375
10 0.71953125 0.9359375 0.08125 0.07578125
11 0.23125 0.39375 0.12578125 0.07265625
5 0.36015625 0.39453125 0.06640625 0.071875