1 0.92578125 0.40703125 0.05625 0.0828125
1 0.796875 0.409375 0.05625 0.0875
1 0.6703125 0.4078125 0.059375 0.0828125
1 0.48984375 0.665625 0.05625 0.084375
1 0.3640625 0.665625 0.059375 0.0859375
3 0.92578125 0.63671875 0.0484375 0.0484375
3 0.796875 0.640625 0.05 0.05
3 0.65546875 0.64609375 0.0515625 0.046875
3 0.615625 0.89453125 0.053125 0.05
3 0.48828125 0.89765625 0.05 0.053125
3 0.35 0.90234375 0.05 0.05
3 0.5171875 0.1984375 0.05 0.053125
0 0.6203125 0.19609375 0.05625 0.05625
0 0.50546875 0.27734375 0.053125 0.053125
0 0.41875 0.19140625 0.053125 0.05625
0 0.51015625 0.11015625 0.0546875 0.05625
0 0.7296875 0.79765625 0.05 0.05625
4 0.4484375 0.41171875 0.0875 0.103125
4 0.31171875 0.41640625 0.084375 0.1015625
4 0.1453125 0.42734375 0.0859375 0.103125
12 0.2484375 0.58984375 0.0375 0.0875
8 0.05625 0.61796875 0.06875 0.0421875
11 0.2046875 0.70078125 0.0828125 0.04375
5 0.040625 0.77578125 0.04375 0.04375