4 0.27265625 0.83203125 0.13125 0.084375
4 0.259375 0.70078125 0.1328125 0.0875
12 0.1328125 0.85390625 0.059375 0.08125
3 0.665625 0.69921875 0.075 0.04375
1 0.9203125 0.678125 0.084375 0.0734375
0 0.93203125 0.5296875 0.078125 0.046875
3 0.6796875 0.46015625 0.0734375 0.04375
1 0.93203125 0.4375 0.084375 0.0765625
0 0.94375 0.29140625 0.08125 0.05
6 0.26015625 0.48046875 0.1734375 0.046875
6 0.2640625 0.14453125 0.171875 0.04375
7 0.28359375 0.384375 0.096875 0.0578125
7 0.28125 0.27421875 0.09375 0.059375
11 0.9125 0.2125 0.128125 0.0421875
11 0.9140625 0.03359375 0.121875 0.040625
5 0.65234375 0.21171875 0.0671875 0.040625
5 0.65 0.03359375 0.065625 0.0375
9 0.75625 0.03125 0.075 0.040625