6 0.70390625 0.87734375 0.259375 0.096875
3 0.70703125 0.75625 0.11875 0.0875
10 0.77734375 0.59453125 0.1171875 0.1
10 0.6359375 0.59453125 0.1171875 0.09375
3 0.34921875 0.86875 0.1140625 0.0875
3 0.203125 0.81484375 0.1109375 0.090625
5 0.36953125 0.65546875 0.1015625 0.071875
11 0.09921875 0.70546875 0.1 0.1625
7 0.71953125 0.3890625 0.15 0.125
6 0.7078125 0.11484375 0.2625 0.096875
4 0.2453125 0.46328125 0.228125 0.1609375
12 0.4078125 0.365625 0.1671875 0.05625
3 0.3484375 0.27109375 0.1234375 0.0875
10 0.303125 0.15078125 0.1125 0.10625
1 0.121875 0.25546875 0.1875 0.1046875