11 0.0578125 0.10546875 0.08515625 0.1703125
5 0.05546875 0.26796875 0.07578125 0.08828125
5 0.08046875 0.6953125 0.10234375 0.10390625
1 0.3984375 0.5984375 0.11171875 0.16796875
1 0.22265625 0.87421875 0.10859375 0.1703125
3 0.4484375 0.909375 0.0953125 0.10390625
6 0.740625 0.13046875 0.22578125 0.10546875
7 0.7484375 0.29453125 0.12734375 0.1234375
10 0.9171875 0.28671875 0.10703125 0.096875
10 0.75234375 0.415625 0.1015625 0.109375
8 0.95 0.6328125 0.071875 0.13828125
4 0.87421875 0.8453125 0.17109375 0.19765625