1 0.0984375 0.10546875 0.071875 0.0765625
1 0.103125 0.32109375 0.0765625 0.08515625
1 0.475 0.12265625 0.07421875 0.08125
1 0.48046875 0.3359375 0.07265625 0.0875
3 0.18671875 0.20859375 0.04296875 0.071875
3 0.5640625 0.2265625 0.046875 0.07578125
3 0.17734375 0.76328125 0.04453125 0.07890625
3 0.2984375 0.76328125 0.04375 0.07265625
3 0.40546875 0.7625 0.04140625 0.07265625
6 0.13125 0.61484375 0.1015625 0.078125
6 0.284375 0.61328125 0.10234375 0.07421875
6 0.4296875 0.60859375 0.1 0.08125
6 0.14296875 0.92265625 0.1015625 0.078125
6 0.2828125 0.9203125 0.10234375 0.0828125
6 0.434375 0.91953125 0.1015625 0.07890625
4 0.67890625 0.64453125 0.090625 0.13125
4 0.90703125 0.64453125 0.0921875 0.13125
11 0.578125 0.88046875 0.03984375 0.125
11 0.69453125 0.8796875 0.04140625 0.1296875
5 0.8171875 0.94609375 0.03828125 0.0640625
9 0.9625 0.92890625 0.0515625 0.059375
7 0.73984375 0.08828125 0.06015625 0.09140625
7 0.7421875 0.4390625 0.05625 0.09375
12 0.83515625 0.059375 0.0796875 0.05625
8 0.965625 0.1234375 0.0390625 0.10546875
7 0.3640625 0.07421875 0.05703125 0.096875
7 0.3671875 0.4265625 0.0578125 0.09375