8 0.5703125 0.9453125 0.1046875 0.0640625
3 0.4484375 0.92421875 0.075 0.075
4 0.478125 0.76640625 0.13125 0.153125
1 0.6765625 0.41875 0.0875 0.134375
1 0.50703125 0.43515625 0.084375 0.134375
3 0.50546875 0.2453125 0.075 0.071875
3 0.24921875 0.640625 0.0734375 0.0734375
3 0.17265625 0.12109375 0.075 0.0765625
10 0.128125 0.69296875 0.0796875 0.0796875
10 0.1296875 0.60390625 0.0828125 0.078125
10 0.28203125 0.15703125 0.0828125 0.078125
10 0.28046875 0.0640625 0.08125 0.075
11 0.76875 0.60625 0.125 0.071875
5 0.63984375 0.60546875 0.065625 0.071875