10 0.90546875 0.0734375 0.103125 0.096875
10 0.90703125 0.20234375 0.10625 0.10625
7 0.265625 0.109375 0.115625 0.11875
1 0.0953125 0.1328125 0.10625 0.159375
12 0.9328125 0.37265625 0.05625 0.134375
3 0.81640625 0.4203125 0.090625 0.0953125
10 0.5171875 0.4859375 0.1 0.0984375
11 0.296875 0.3796875 0.1625 0.08125
5 0.06171875 0.35 0.075 0.071875
6 0.7484375 0.83984375 0.1 0.221875
3 0.60625 0.83828125 0.090625 0.0984375
3 0.4484375 0.77890625 0.090625 0.0953125
10 0.4515625 0.915625 0.1 0.103125