6 0.12734375 0.06015625 0.175 0.08515625
3 0.12734375 0.1921875 0.075 0.07578125
3 0.2421875 0.19140625 0.075 0.0765625
10 0.07265625 0.37578125 0.0828125 0.0890625
10 0.29140625 0.3796875 0.0734375 0.08671875
1 0.59296875 0.1546875 0.08828125 0.13359375
1 0.759375 0.15390625 0.08984375 0.13671875
3 0.52734375 0.36953125 0.07890625 0.0796875
11 0.5703125 0.50078125 0.13203125 0.07109375
5 0.53984375 0.6828125 0.06171875 0.06484375
8 0.9453125 0.61640625 0.0578125 0.10859375
3 0.7 0.92578125 0.07734375 0.0796875
3 0.8140625 0.9265625 0.07265625 0.07734375
1 0.57890625 0.9 0.08984375 0.13515625
1 0.92109375 0.9109375 0.0875 0.13359375