6 0.125 0.17734375 0.0515625 0.18125
6 0.24765625 0.1765625 0.05 0.190625
3 0.19375 0.18515625 0.0453125 0.0765625
4 0.4359375 0.20078125 0.09375 0.1421875
12 0.3734375 0.04609375 0.078125 0.059375
8 0.5453125 0.103125 0.0359375 0.115625
5 0.61640625 0.075 0.0390625 0.075
5 0.61796875 0.37421875 0.040625 0.06875
11 0.81640625 0.10859375 0.040625 0.1390625
11 0.8203125 0.3171875 0.040625 0.1359375
4 0.37890625 0.53359375 0.096875 0.140625
7 0.54453125 0.51796875 0.065625 0.103125
1 0.3796875 0.9046875 0.078125 0.090625
0 0.496875 0.9078125 0.053125 0.0875
3 0.8171875 0.51015625 0.0453125 0.0796875
1 0.68359375 0.709375 0.05625 0.134375
1 0.765625 0.7046875 0.05625 0.1359375
1 0.85078125 0.70859375 0.053125 0.1390625
1 0.93125 0.70859375 0.0546875 0.1359375
3 0.7078125 0.93046875 0.04375 0.0734375
3 0.77734375 0.93515625 0.05 0.08125
3 0.84375 0.9328125 0.05 0.078125
10 0.6375 0.92578125 0.0484375 0.090625
10 0.92734375 0.9359375 0.046875 0.084375