11 0.08125 0.22578125 0.07265625 0.15546875
3 0.17109375 0.4390625 0.0796875 0.0875
9 0.05234375 0.5359375 0.06875 0.09609375
5 0.0515625 0.66796875 0.06796875 0.0765625
11 0.078125 0.87578125 0.071875 0.15390625
4 0.39765625 0.86171875 0.1453125 0.1796875
8 0.4703125 0.64375 0.06484375 0.12890625
6 0.5421875 0.3296875 0.08828125 0.21015625
7 0.6859375 0.31171875 0.10546875 0.11328125
3 0.9203125 0.41015625 0.0875 0.09296875
1 0.86875 0.6046875 0.09296875 0.1546875
1 0.921875 0.8796875 0.0953125 0.15546875