1 0.07421875 0.59296875 0.05625 0.0828125
1 0.203125 0.590625 0.05625 0.0875
1 0.3296875 0.5921875 0.059375 0.0828125
1 0.51015625 0.334375 0.05625 0.084375
1 0.6359375 0.334375 0.059375 0.0859375
3 0.07421875 0.36328125 0.0484375 0.0484375
3 0.203125 0.359375 0.05 0.05
3 0.34453125 0.35390625 0.0515625 0.046875
3 0.384375 0.10546875 0.053125 0.05
3 0.51171875 0.10234375 0.05 0.053125
3 0.65 0.09765625 0.05 0.05
3 0.4828125 0.8015625 0.05 0.053125
0 0.3796875 0.80390625 0.05625 0.05625
0 0.49453125 0.72265625 0.053125 0.053125
0 0.58125 0.80859375 0.053125 0.05625
0 0.48984375 0.88984375 0.0546875 0.05625
0 0.2703125 0.20234375 0.05 0.05625
4 0.5515625 0.58828125 0.0875 0.103125
4 0.68828125 0.58359375 0.084375 0.1015625
4 0.8546875 0.57265625 0.0859375 0.103125
12 0.7515625 0.41015625 0.0375 0.0875
8 0.94375 0.38203125 0.06875 0.0421875
11 0.7953125 0.29921875 0.0828125 0.04375
5 0.959375 0.22421875 0.04375 0.04375