11 0.1171875 0.40234375 0.07265625 0.13046875
11 0.2484375 0.39609375 0.06796875 0.1296875
5 0.246875 0.55078125 0.071875 0.065625
5 0.375 0.5546875 0.0640625 0.06640625
10 0.76015625 0.19609375 0.08125 0.08515625
10 0.87109375 0.19765625 0.0859375 0.08515625
3 0.825 0.30625 0.08828125 0.08046875
6 0.83671875 0.4171875 0.18671875 0.08359375
1 0.0984375 0.9234375 0.13828125 0.0875
3 0.090625 0.74609375 0.08203125 0.07734375
4 0.58828125 0.86171875 0.16171875 0.13984375
4 0.7875 0.86640625 0.165625 0.134375
8 0.9484375 0.815625 0.06796875 0.1109375