3 0.92890625 0.078125 0.078125 0.071875
10 0.69140625 0.08828125 0.084375 0.0828125
1 0.90078125 0.26953125 0.134375 0.090625
1 0.90625 0.40546875 0.1375 0.0875
3 0.928125 0.5609375 0.08125 0.071875
3 0.6875 0.753125 0.0765625 0.075
10 0.878125 0.7359375 0.09375 0.078125
6 0.69140625 0.84140625 0.1859375 0.078125
7 0.4875 0.68359375 0.096875 0.0921875
4 0.34453125 0.30625 0.159375 0.1375
4 0.1625 0.30234375 0.159375 0.134375
12 0.40703125 0.16640625 0.1359375 0.053125
8 0.11796875 0.17109375 0.1125 0.059375
11 0.11796875 0.6984375 0.06875 0.13125
5 0.0484375 0.8375 0.065625 0.0609375