3 0.18984375 0.8734375 0.0796875 0.075
3 0.1921875 0.7578125 0.078125 0.075
3 0.3703125 0.475 0.078125 0.078125
3 0.92578125 0.29765625 0.075 0.071875
3 0.9265625 0.18984375 0.08125 0.075
6 0.06015625 0.87421875 0.084375 0.1734375
10 0.375 0.9265625 0.090625 0.0796875
10 0.378125 0.709375 0.084375 0.078125
1 0.15390625 0.40703125 0.13125 0.084375
1 0.15234375 0.2421875 0.140625 0.0921875
5 0.40390625 0.11328125 0.065625 0.0625
5 0.68125 0.459375 0.065625 0.059375
8 0.52421875 0.04296875 0.115625 0.059375
11 0.50234375 0.42421875 0.071875 0.1375
1 0.8984375 0.421875 0.134375 0.090625
1 0.9109375 0.07890625 0.134375 0.090625