1 0.94140625 0.87421875 0.0890625 0.1671875
1 0.93984375 0.5171875 0.090625 0.1640625
3 0.93125 0.06875 0.078125 0.090625
11 0.73359375 0.36875 0.06875 0.16875
0 0.60625 0.41484375 0.0859375 0.103125
5 0.7 0.06015625 0.06875 0.084375
5 0.621875 0.06484375 0.06875 0.078125
4 0.48984375 0.7390625 0.14375 0.196875
8 0.475 0.93203125 0.121875 0.0796875
6 0.203125 0.884375 0.184375 0.103125
10 0.2671875 0.60703125 0.084375 0.0953125
10 0.26953125 0.446875 0.084375 0.1
3 0.17890625 0.61015625 0.0765625 0.09375
3 0.18203125 0.4515625 0.0765625 0.09375
6 0.20390625 0.14296875 0.1875 0.103125