6 0.87265625 0.93984375 0.175 0.084375
3 0.87265625 0.8078125 0.075 0.0765625
3 0.7578125 0.80859375 0.075 0.0765625
10 0.92734375 0.62421875 0.0828125 0.0890625
10 0.70859375 0.6203125 0.0734375 0.0875
1 0.40703125 0.8453125 0.0890625 0.134375
1 0.240625 0.84609375 0.090625 0.1375
3 0.47265625 0.63046875 0.078125 0.0796875
11 0.4296875 0.49921875 0.13125 0.071875
5 0.46015625 0.3171875 0.0625 0.065625
8 0.0546875 0.38359375 0.0578125 0.109375
3 0.3 0.07421875 0.078125 0.0796875
3 0.1859375 0.0734375 0.0734375 0.078125
1 0.42109375 0.1 0.090625 0.134375
1 0.07890625 0.0890625 0.0875 0.134375