6 0.34296875 0.89140625 0.0625 0.08125
6 0.340625 0.725 0.059375 0.078125
6 0.484375 0.95234375 0.1296875 0.040625
6 0.47890625 0.68515625 0.128125 0.040625
6 0.69296875 0.94453125 0.1296875 0.0390625
6 0.6921875 0.68515625 0.128125 0.040625
6 0.8796875 0.94453125 0.1296875 0.0421875
6 0.91328125 0.81328125 0.0625 0.0828125
6 0.87734375 0.69140625 0.128125 0.0390625
1 0.12734375 0.65078125 0.065625 0.059375
1 0.12421875 0.5 0.065625 0.0578125
1 0.4671875 0.56875 0.065625 0.0609375
3 0.4921875 0.4046875 0.071875 0.046875
1 0.6390625 0.39609375 0.06875 0.0609375
1 0.63515625 0.24453125 0.06875 0.0609375
1 0.91328125 0.31328125 0.0703125 0.0640625
3 0.903125 0.45703125 0.0703125 0.0484375
3 0.9015625 0.1328125 0.0734375 0.046875
0 0.07734375 0.39921875 0.065625 0.040625
4 0.40078125 0.25390625 0.103125 0.071875
12 0.2328125 0.3203125 0.046875 0.065625
8 0.35859375 0.11953125 0.10625 0.0375
11 0.096875 0.3203125 0.096875 0.034375
9 0.04921875 0.20625 0.0546875 0.040625
5 0.07265625 0.0390625 0.0546875 0.03125