1 0.68203125 0.18515625 0.115625 0.046875
1 0.87265625 0.08515625 0.115625 0.05
1 0.87421875 0.27890625 0.1125 0.053125
1 0.9171875 0.6984375 0.1125 0.05
1 0.72890625 0.79609375 0.1140625 0.0515625
1 0.92265625 0.890625 0.115625 0.0515625
3 0.60390625 0.04921875 0.065625 0.04375
3 0.584375 0.32578125 0.0703125 0.040625
3 0.653125 0.6609375 0.065625 0.04375
3 0.6328125 0.93671875 0.0671875 0.04375
4 0.71171875 0.5046875 0.125 0.084375
4 0.50625 0.540625 0.115625 0.0875
8 0.91953125 0.4 0.1015625 0.0359375
8 0.92421875 0.6015625 0.09375 0.034375
12 0.31015625 0.534375 0.053125 0.075
12 0.309375 0.64453125 0.0484375 0.075
6 0.42578125 0.2359375 0.071875 0.096875
6 0.1859375 0.234375 0.078125 0.096875
0 0.30234375 0.0953125 0.0765625 0.04375
0 0.28828125 0.36875 0.0703125 0.053125
3 0.30078125 0.1921875 0.071875 0.04375
3 0.29921875 0.2875 0.06875 0.04375
11 0.38828125 0.7625 0.115625 0.040625
11 0.15 0.9515625 0.1125 0.0421875
11 0.14921875 0.528125 0.115625 0.0421875
5 0.47734375 0.89609375 0.05625 0.0375
9 0.121875 0.675 0.0625 0.0484375
9 0.12109375 0.84140625 0.0578125 0.0484375