1 0.92734375 0.9375 0.075 0.0734375
1 0.93203125 0.75078125 0.075 0.075
7 0.8296875 0.84140625 0.059375 0.084375
3 0.675 0.75 0.04375 0.0640625
3 0.67890625 0.56015625 0.04375 0.0640625
3 0.69609375 0.175 0.04375 0.0625
7 0.79609375 0.5609375 0.0625 0.078125
6 0.778125 0.1703125 0.05 0.1421875
0 0.5875 0.175 0.05 0.0671875
0 0.58671875 0.09609375 0.0515625 0.0625
11 0.575 0.896875 0.040625 0.1109375
11 0.4046875 0.54921875 0.040625 0.10625
8 0.5765625 0.53828125 0.0375 0.090625
9 0.425 0.921875 0.0484375 0.053125
5 0.40703125 0.6671875 0.0390625 0.053125
8 0.3390625 0.9 0.0359375 0.090625
8 0.14921875 0.89609375 0.0375 0.0875
8 0.3375 0.515625 0.040625 0.090625
8 0.15078125 0.5140625 0.0359375 0.0859375
4 0.2609375 0.73671875 0.0890625 0.1125
1 0.359375 0.39140625 0.0734375 0.0703125
1 0.36484375 0.20625 0.078125 0.0734375
7 0.2609375 0.29375 0.0625 0.078125
3 0.10703125 0.2015625 0.0515625 0.065625