3 0.8546875 0.34140625 0.09375 0.09375
3 0.74765625 0.4890625 0.0921875 0.0921875
3 0.615625 0.33125 0.1 0.0953125
1 0.7390625 0.340625 0.1171875 0.1625
11 0.85390625 0.05703125 0.175 0.0828125
11 0.5328125 0.05546875 0.16875 0.08125
11 0.13359375 0.05625 0.16875 0.08125
5 0.33828125 0.05546875 0.078125 0.075
3 0.4140625 0.515625 0.096875 0.096875
3 0.1578125 0.675 0.1015625 0.0984375
3 0.0765625 0.51796875 0.0984375 0.09375
6 0.14296875 0.8046875 0.228125 0.103125
12 0.88515625 0.94921875 0.1703125 0.065625
8 0.5109375 0.946875 0.14375 0.075
4 0.6765625 0.87890625 0.19375 0.1671875