6 0.29609375 0.12265625 0.25859375 0.09765625
3 0.29296875 0.24375 0.11953125 0.0875
10 0.22265625 0.40546875 0.1171875 0.10078125
10 0.3640625 0.40546875 0.1171875 0.09453125
3 0.65078125 0.13125 0.1140625 0.08671875
3 0.796875 0.18515625 0.11015625 0.08984375
5 0.63046875 0.34453125 0.1015625 0.07265625
11 0.90078125 0.29453125 0.09921875 0.16171875
7 0.28046875 0.6109375 0.15078125 0.12421875
6 0.2921875 0.88515625 0.26171875 0.096875
4 0.7546875 0.53671875 0.228125 0.1609375
12 0.5921875 0.634375 0.1671875 0.05546875
3 0.6515625 0.72890625 0.12265625 0.08671875
10 0.696875 0.84921875 0.11171875 0.10546875
1 0.878125 0.74453125 0.18671875 0.1046875