3 0.08046875 0.82734375 0.065625 0.0453125
3 0.071875 0.62265625 0.0671875 0.040625
3 0.2234375 0.8234375 0.065625 0.04375
3 0.23359375 0.628125 0.05625 0.040625
3 0.553125 0.83125 0.0640625 0.04375
3 0.9375 0.753125 0.0640625 0.04375
3 0.93125 0.94609375 0.065625 0.04375
6 0.35078125 0.9125 0.059375 0.0765625
6 0.353125 0.77890625 0.05625 0.0765625
6 0.76796875 0.896875 0.0546875 0.0765625
6 0.77109375 0.77890625 0.05625 0.0734375
0 0.53515625 0.9296875 0.06875 0.046875
0 0.54140625 0.7484375 0.06875 0.05
1 0.4421875 0.50546875 0.071875 0.0734375
1 0.52578125 0.50234375 0.0703125 0.06875
1 0.83828125 0.265625 0.071875 0.0703125
1 0.92421875 0.26484375 0.078125 0.071875
7 0.89609375 0.51328125 0.0796875 0.05625
7 0.37421875 0.2671875 0.08125 0.053125
0 0.63515625 0.234375 0.0640625 0.046875
4 0.13203125 0.45078125 0.0875 0.0671875
4 0.13359375 0.29296875 0.090625 0.065625
4 0.128125 0.13671875 0.090625 0.0625
8 0.20859375 0.03359375 0.0875 0.0375
11 0.3734375 0.0859375 0.10625 0.0375
9 0.340625 0.1546875 0.053125 0.034375
5 0.44453125 0.03203125 0.0625 0.0375
7 0.14140625 0.7203125 0.08125 0.0578125