1 0.89453125 0.0984375 0.0765625 0.071875
1 0.67890625 0.103125 0.084375 0.0765625
1 0.87734375 0.475 0.08125 0.075
1 0.6640625 0.48046875 0.0875 0.071875
3 0.79140625 0.18671875 0.071875 0.04375
3 0.7734375 0.5640625 0.075 0.046875
3 0.23671875 0.17734375 0.078125 0.04375
3 0.23671875 0.2984375 0.071875 0.04375
3 0.2375 0.40546875 0.071875 0.040625
6 0.38515625 0.13125 0.078125 0.1015625
6 0.38671875 0.284375 0.075 0.103125
6 0.39140625 0.4296875 0.08125 0.1
6 0.07734375 0.14296875 0.078125 0.1015625
6 0.0796875 0.2828125 0.0828125 0.103125
6 0.08046875 0.434375 0.078125 0.1015625
4 0.35546875 0.67890625 0.13125 0.090625
4 0.35546875 0.90703125 0.13125 0.0921875
11 0.11953125 0.578125 0.125 0.040625
11 0.1203125 0.69453125 0.1296875 0.0421875
5 0.05390625 0.8171875 0.0640625 0.0390625
9 0.07109375 0.9625 0.059375 0.0515625
7 0.91171875 0.73984375 0.090625 0.059375
7 0.5609375 0.7421875 0.09375 0.05625
12 0.940625 0.83515625 0.05625 0.0796875
8 0.8765625 0.965625 0.10625 0.0390625
7 0.92578125 0.3640625 0.096875 0.05625
7 0.5734375 0.3671875 0.09375 0.0578125