10 0.19296875 0.12890625 0.0859375 0.0875
10 0.1921875 0.2390625 0.08359375 0.08515625
3 0.30625 0.17421875 0.07734375 0.07890625
6 0.415625 0.1625 0.08125 0.190625
11 0.39453125 0.75 0.13203125 0.07265625
11 0.403125 0.88125 0.13515625 0.07421875
5 0.55859375 0.6265625 0.0609375 0.0671875
5 0.54921875 0.753125 0.065625 0.071875
8 0.815625 0.0515625 0.11484375 0.071875
4 0.865625 0.21015625 0.1375 0.16796875
4 0.86171875 0.41015625 0.134375 0.1640625
3 0.74453125 0.909375 0.078125 0.08203125
1 0.9234375 0.9 0.09375 0.13828125