10 0.0796875 0.1421875 0.0875 0.07578125
3 0.0734375 0.271875 0.07734375 0.07265625
3 0.45234375 0.30390625 0.07734375 0.0734375
0 0.384375 0.20703125 0.08671875 0.08046875
0 0.37421875 0.3984375 0.0796875 0.08046875
6 0.571875 0.309375 0.084375 0.17265625
11 0.38359375 0.7703125 0.13671875 0.06640625
11 0.5109375 0.88359375 0.1421875 0.065625
5 0.546875 0.653125 0.06640625 0.065625
8 0.81328125 0.12890625 0.11484375 0.0625
4 0.86328125 0.27578125 0.13828125 0.153125
4 0.86015625 0.4578125 0.1359375 0.1546875