6 0.30703125 0.23125 0.07890625 0.18828125
7 0.1953125 0.23203125 0.0953125 0.09765625
10 0.0875 0.12578125 0.0828125 0.08203125
10 0.08828125 0.30390625 0.08515625 0.08203125
12 0.16796875 0.5921875 0.0515625 0.1390625
8 0.16953125 0.8828125 0.0609375 0.11328125
4 0.30859375 0.653125 0.13671875 0.1609375
4 0.30625 0.81328125 0.13671875 0.15625
1 0.59296875 0.096875 0.08046875 0.13359375
1 0.6984375 0.096875 0.084375 0.1375
1 0.80234375 0.1 0.084375 0.13671875
3 0.878125 0.0734375 0.06640625 0.08671875
3 0.52421875 0.3296875 0.07578125 0.07890625
0 0.73125 0.4 0.07890625 0.0859375
11 0.69921875 0.584375 0.128125 0.06953125
11 0.7953125 0.74765625 0.06953125 0.1375
11 0.696875 0.903125 0.13203125 0.0734375
5 0.87890625 0.58125 0.06328125 0.06953125
5 0.87265625 0.90546875 0.0625 0.06953125