11 0.14609375 0.91875 0.171875 0.075
3 0.1171875 0.81015625 0.09375 0.0796875
3 0.3859375 0.815625 0.103125 0.08125
9 0.48671875 0.9484375 0.1015625 0.071875
5 0.63515625 0.9484375 0.084375 0.0703125
11 0.86328125 0.9234375 0.171875 0.071875
6 0.70234375 0.759375 0.228125 0.0859375
7 0.68125 0.6140625 0.121875 0.10625
4 0.1515625 0.465625 0.190625 0.15
8 0.09140625 0.0703125 0.1421875 0.0625
3 0.34765625 0.08125 0.096875 0.084375
1 0.5625 0.12890625 0.1640625 0.0953125
1 0.86796875 0.07890625 0.16875 0.0953125