3 0.078125 0.07109375 0.07265625 0.07890625
10 0.08828125 0.30859375 0.0828125 0.084375
1 0.26953125 0.09921875 0.08984375 0.13515625
1 0.40546875 0.09375 0.0875 0.1375
3 0.5609375 0.071875 0.07265625 0.08125
3 0.753125 0.3125 0.07421875 0.0765625
10 0.7359375 0.121875 0.078125 0.09296875
6 0.84140625 0.30859375 0.078125 0.1859375
7 0.68359375 0.5125 0.0921875 0.09765625
4 0.30625 0.65546875 0.1375 0.15859375
4 0.30234375 0.8375 0.13359375 0.15859375
12 0.16640625 0.59296875 0.05390625 0.1359375
8 0.17109375 0.88203125 0.05859375 0.11171875
11 0.6984375 0.88203125 0.13125 0.06953125
5 0.8375 0.9515625 0.0609375 0.065625