3 0.8734375 0.81015625 0.075 0.0796875
3 0.7578125 0.8078125 0.075 0.078125
3 0.475 0.6296875 0.078125 0.078125
3 0.29765625 0.07421875 0.071875 0.075
3 0.18984375 0.0734375 0.0765625 0.08125
6 0.87421875 0.93984375 0.1734375 0.084375
10 0.9265625 0.625 0.0796875 0.090625
10 0.709375 0.621875 0.078125 0.084375
1 0.40703125 0.84609375 0.084375 0.13125
1 0.2421875 0.84765625 0.0921875 0.140625
5 0.11328125 0.59609375 0.0625 0.0671875
5 0.459375 0.31875 0.059375 0.065625
8 0.04296875 0.47578125 0.059375 0.115625
11 0.42421875 0.49765625 0.1375 0.071875
1 0.421875 0.1015625 0.090625 0.134375
1 0.07890625 0.0890625 0.090625 0.134375