11 0.12265625 0.77890625 0.1109375 0.0375
6 0.590625 0.8921875 0.109375 0.034375
6 0.5953125 0.7546875 0.109375 0.0328125
6 0.38046875 0.84375 0.0609375 0.06875
3 0.58359375 0.821875 0.0625 0.0390625
3 0.9515625 0.92265625 0.065625 0.040625
3 0.95234375 0.83046875 0.0609375 0.040625
3 0.9515625 0.72734375 0.0625 0.040625
1 0.38515625 0.60859375 0.075 0.06875
1 0.634375 0.6140625 0.078125 0.06875
1 0.45703125 0.42890625 0.0625 0.040625
1 0.56875 0.42734375 0.059375 0.040625
1 0.9625 0.49765625 0.0625 0.0390625
7 0.39921875 0.234375 0.08125 0.0546875
7 0.63046875 0.22734375 0.084375 0.053125
7 0.9375 0.22265625 0.08125 0.053125
0 0.77421875 0.23046875 0.06875 0.0515625
4 0.134375 0.43359375 0.090625 0.0671875
4 0.140625 0.22734375 0.090625 0.0625
5 0.05390625 0.5890625 0.053125 0.0375
9 0.2328125 0.5828125 0.05625 0.03125
8 0.08984375 0.034375 0.09375 0.03125
8 0.36796875 0.02890625 0.0875 0.03125