1 0.284375 0.08046875 0.04765625 0.09609375
1 0.38984375 0.07734375 0.05 0.10078125
6 0.33046875 0.275 0.0921875 0.06328125
0 0.70703125 0.0609375 0.04453125 0.06640625
3 0.71875 0.27265625 0.0390625 0.059375
7 0.70859375 0.16640625 0.0546875 0.07578125
11 0.05078125 0.41953125 0.0375 0.10390625
11 0.04921875 0.5921875 0.03671875 0.10390625
5 0.14921875 0.34453125 0.0359375 0.05078125
9 0.1625 0.63046875 0.04140625 0.05234375
6 0.49765625 0.396875 0.0953125 0.06796875
6 0.50078125 0.5875 0.09375 0.065625
3 0.4234375 0.49765625 0.0421875 0.059375
3 0.5109375 0.49921875 0.04140625 0.06171875
3 0.59296875 0.49921875 0.04453125 0.059375
0 0.2640625 0.38515625 0.04375 0.06484375
0 0.7234375 0.3921875 0.04296875 0.06640625
4 0.6421875 0.7609375 0.08046875 0.10859375
4 0.3140625 0.91640625 0.08359375 0.10703125
8 0.2796875 0.72578125 0.0359375 0.08515625
12 0.70703125 0.953125 0.071875 0.04296875
11 0.82421875 0.42890625 0.03828125 0.103125
11 0.8234375 0.6 0.03828125 0.10078125
5 0.92265625 0.3546875 0.0359375 0.05
9 0.9359375 0.640625 0.046875 0.05546875