6 0.0546875 0.1546875 0.0765625 0.240625
3 0.13359375 0.13671875 0.06875 0.096875
10 0.2484375 0.10625 0.078125 0.103125
3 0.49453125 0.19609375 0.0734375 0.096875
10 0.4375 0.38359375 0.0734375 0.1140625
10 0.540625 0.3828125 0.0734375 0.115625
11 0.78984375 0.06484375 0.125 0.0875
5 0.82265625 0.178125 0.0578125 0.084375
8 0.909375 0.09765625 0.053125 0.146875
4 0.8984375 0.41484375 0.11875 0.153125
1 0.75546875 0.69765625 0.128125 0.11875
1 0.76640625 0.87578125 0.1265625 0.11875
3 0.9328125 0.60703125 0.071875 0.10625