3 0.12421875 0.14765625 0.071875 0.06875
0 0.31640625 0.21796875 0.0796875 0.0796875
0 0.3140625 0.359375 0.084375 0.0796875
3 0.45234375 0.30546875 0.07890625 0.0765625
6 0.5734375 0.3078125 0.0875 0.171875
10 0.23515625 0.62109375 0.0890625 0.07734375
11 0.38515625 0.7703125 0.1359375 0.0671875
11 0.50859375 0.88359375 0.13515625 0.06953125
5 0.54921875 0.653125 0.0625 0.0625
4 0.86328125 0.27578125 0.1421875 0.146875
4 0.86328125 0.4578125 0.1453125 0.1453125
8 0.81328125 0.12734375 0.11015625 0.05703125