6 0.29609375 0.12265625 0.259375 0.096875
3 0.29296875 0.24375 0.11875 0.0875
10 0.22265625 0.40546875 0.1171875 0.1
10 0.3640625 0.40546875 0.1171875 0.09375
3 0.65078125 0.13125 0.1140625 0.0875
3 0.796875 0.18515625 0.109375 0.090625
5 0.63046875 0.34453125 0.1015625 0.071875
11 0.90078125 0.29453125 0.1 0.1625
7 0.28046875 0.6109375 0.15 0.125
6 0.2921875 0.88515625 0.2625 0.096875
4 0.7546875 0.53671875 0.228125 0.1609375
12 0.5921875 0.634375 0.1671875 0.05625
3 0.6515625 0.72890625 0.121875 0.0875
10 0.696875 0.84921875 0.1125 0.10625
1 0.878125 0.74453125 0.1875 0.1046875