1 0.70390625 0.81171875 0.1625 0.1359375
12 0.753125 0.93359375 0.1359375 0.053125
8 0.234375 0.74921875 0.0640625 0.1078125
7 0.36015625 0.93046875 0.1046875 0.1
6 0.50078125 0.56484375 0.1875 0.084375
3 0.921875 0.39921875 0.08125 0.075
3 0.49921875 0.4640625 0.08125 0.075
3 0.3109375 0.46171875 0.08125 0.078125
11 0.13046875 0.41796875 0.06875 0.1328125
9 0.13046875 0.625 0.0859375 0.0640625
3 0.72109375 0.26953125 0.084375 0.078125
3 0.2421875 0.25625 0.0828125 0.078125
1 0.69140625 0.16484375 0.1328125 0.0875
1 0.275 0.13671875 0.1328125 0.0859375
1 0.6890625 0.046875 0.1375 0.078125