10 0.92109375 0.8296875 0.05625 0.0875
6 0.7640625 0.62734375 0.11875 0.075
7 0.7671875 0.74296875 0.0703125 0.090625
10 0.62734375 0.821875 0.05625 0.08125
10 0.628125 0.61796875 0.053125 0.0796875
10 0.9234375 0.63671875 0.053125 0.084375
11 0.8390625 0.39375 0.046875 0.121875
11 0.83984375 0.19296875 0.046875 0.1296875
8 0.70078125 0.32890625 0.040625 0.0984375
4 0.571875 0.40546875 0.103125 0.125
3 0.3421875 0.33359375 0.0515625 0.075
1 0.221875 0.28125 0.0609375 0.125
1 0.07421875 0.284375 0.0625 0.125
9 0.6296875 0.19140625 0.05625 0.0625
5 0.72265625 0.059375 0.0453125 0.0625
1 0.525 0.07578125 0.090625 0.0875
0 0.3421875 0.06015625 0.0546875 0.071875
0 0.15 0.0640625 0.05625 0.0765625
7 0.4875 0.81171875 0.0671875 0.0953125