1 0.31796875 0.81484375 0.115625 0.046875
1 0.12734375 0.91484375 0.115625 0.05
1 0.12578125 0.72109375 0.1125 0.0546875
1 0.0828125 0.3015625 0.1125 0.05
1 0.27109375 0.20390625 0.1140625 0.0515625
1 0.07734375 0.109375 0.115625 0.05
3 0.39609375 0.95078125 0.065625 0.04375
3 0.415625 0.67421875 0.0703125 0.040625
3 0.346875 0.3390625 0.065625 0.04375
3 0.3671875 0.06328125 0.0671875 0.04375
4 0.28828125 0.4953125 0.125 0.084375
4 0.49375 0.459375 0.115625 0.0875
8 0.08046875 0.6 0.1015625 0.0359375
8 0.07578125 0.3984375 0.09375 0.034375
12 0.68984375 0.465625 0.053125 0.075
12 0.690625 0.35546875 0.0484375 0.075
6 0.57421875 0.7640625 0.071875 0.096875
6 0.8140625 0.765625 0.078125 0.096875
0 0.69765625 0.9046875 0.0765625 0.0453125
0 0.71171875 0.63125 0.0703125 0.053125
3 0.69921875 0.8078125 0.071875 0.04375
3 0.70078125 0.7125 0.06875 0.04375
11 0.61171875 0.2375 0.115625 0.040625
11 0.85 0.0484375 0.1125 0.040625
11 0.85078125 0.471875 0.115625 0.0421875
5 0.52265625 0.10390625 0.05625 0.0375
9 0.878125 0.325 0.0625 0.046875
9 0.87890625 0.15859375 0.0578125 0.0484375