3 0.23125 0.13515625 0.084375 0.065625
3 0.5953125 0.0609375 0.0796875 0.0625
3 0.53125 0.6234375 0.0859375 0.065625
10 0.11171875 0.10078125 0.09375 0.0734375
10 0.11171875 0.1875 0.09375 0.0671875
10 0.34375 0.10078125 0.09375 0.06875
10 0.34140625 0.1765625 0.090625 0.0671875
1 0.53046875 0.46875 0.0921875 0.109375
1 0.3484375 0.48203125 0.0953125 0.1125
4 0.8609375 0.16484375 0.140625 0.125
4 0.85546875 0.32265625 0.14375 0.13125
4 0.85234375 0.68515625 0.1515625 0.128125
8 0.80625 0.03984375 0.1171875 0.0546875
8 0.8 0.94375 0.1203125 0.05625
11 0.38515625 0.92890625 0.1390625 0.059375
5 0.534375 0.80078125 0.0734375 0.05625