1 0.40703125 0.07421875 0.0828125 0.05703125
1 0.409375 0.203125 0.08671875 0.05625
1 0.4078125 0.3296875 0.0828125 0.05859375
1 0.665625 0.51015625 0.084375 0.05703125
1 0.665625 0.6359375 0.0859375 0.059375
3 0.63671875 0.07421875 0.0484375 0.0484375
3 0.640625 0.203125 0.05 0.04921875
3 0.64609375 0.34453125 0.046875 0.0515625
3 0.89453125 0.384375 0.05 0.05390625
3 0.89765625 0.51171875 0.05390625 0.05
3 0.90234375 0.65 0.05078125 0.05
3 0.1984375 0.4828125 0.05390625 0.04921875
0 0.19609375 0.3796875 0.05703125 0.05546875
0 0.27734375 0.49453125 0.05390625 0.05390625
0 0.19140625 0.58125 0.05703125 0.05234375
0 0.11015625 0.48984375 0.05625 0.0546875
0 0.79765625 0.2703125 0.05625 0.05078125
4 0.41171875 0.5515625 0.10234375 0.08828125
4 0.41640625 0.68828125 0.1015625 0.084375
4 0.42734375 0.8546875 0.103125 0.0859375
12 0.58984375 0.7515625 0.0875 0.03671875
8 0.61796875 0.94375 0.0421875 0.06953125
11 0.70078125 0.7953125 0.04375 0.0828125
5 0.77578125 0.959375 0.04375 0.04453125