6 0.103125 0.94765625 0.1625 0.0796875
10 0.07109375 0.74921875 0.071875 0.0875
10 0.2921875 0.715625 0.071875 0.084375
3 0.09140625 0.8671875 0.071875 0.071875
11 0.04609375 0.565625 0.06875 0.1296875
10 0.25234375 0.56171875 0.0796875 0.078125
10 0.25625 0.46015625 0.0828125 0.078125
5 0.0515625 0.4015625 0.065625 0.065625
8 0.07265625 0.30078125 0.10625 0.0609375
8 0.0671875 0.05 0.103125 0.0625
4 0.275 0.10078125 0.103125 0.1234375
3 0.4078125 0.2890625 0.071875 0.0734375
3 0.4046875 0.0671875 0.06875 0.075
3 0.5734375 0.25390625 0.0828125 0.1296875
1 0.57265625 0.25234375 0.084375 0.13125
1 0.76328125 0.24453125 0.084375 0.1328125
1 0.92109375 0.24453125 0.0828125 0.1328125
3 0.92734375 0.05625 0.071875 0.075