6 0.09609375 0.15546875 0.10234375 0.14140625
6 0.096875 0.65078125 0.10234375 0.14296875
7 0.0828125 0.40703125 0.05859375 0.1734375
0 0.03671875 0.94140625 0.04296875 0.115625
4 0.34375 0.31953125 0.0921875 0.2234375
12 0.27265625 0.15546875 0.075 0.09609375
12 0.415625 0.15703125 0.078125 0.09609375
0 0.34453125 0.66484375 0.05390625 0.13984375
0 0.2828125 0.9 0.05 0.1453125
0 0.41640625 0.90546875 0.05390625 0.14296875
3 0.34609375 0.87890625 0.04921875 0.12734375
3 0.534375 0.30546875 0.04296875 0.13515625
3 0.525 0.690625 0.04453125 0.11875
1 0.521875 0.10390625 0.07734375 0.15546875
1 0.5234375 0.46015625 0.0796875 0.140625
1 0.5203125 0.90546875 0.0765625 0.15546875
11 0.69140625 0.315625 0.040625 0.22109375
11 0.690625 0.59140625 0.04140625 0.21796875
11 0.69140625 0.875 0.040625 0.21640625
9 0.75390625 0.090625 0.046875 0.10546875
5 0.7640625 0.93125 0.03984375 0.11875