10 0.0734375 0.09453125 0.096875 0.10234375
10 0.20234375 0.09296875 0.10625 0.10546875
7 0.109375 0.734375 0.11953125 0.115625
1 0.1328125 0.9046875 0.159375 0.10625
12 0.37265625 0.0671875 0.13359375 0.05625
3 0.4203125 0.18359375 0.0953125 0.090625
10 0.4859375 0.4828125 0.0984375 0.10078125
11 0.3796875 0.703125 0.08046875 0.1625
5 0.35 0.93828125 0.07265625 0.075
6 0.83984375 0.2515625 0.22109375 0.09921875
3 0.83828125 0.39375 0.0984375 0.08984375
3 0.77890625 0.5515625 0.0953125 0.09140625
10 0.915625 0.5484375 0.10234375 0.1