3 0.10078125 0.20703125 0.05859375 0.08671875
3 0.71484375 0.4265625 0.0578125 0.084375
3 0.70234375 0.9125 0.05859375 0.08203125
3 0.7625 0.9125 0.059375 0.084375
3 0.825 0.91328125 0.059375 0.08671875
3 0.57265625 0.10546875 0.06640625 0.14375
1 0.57265625 0.1046875 0.0671875 0.1453125
1 0.578125 0.40625 0.07265625 0.14296875
1 0.57265625 0.90078125 0.0671875 0.1453125
1 0.95234375 0.9125 0.0671875 0.14296875
4 0.88125 0.20078125 0.103125 0.1234375
4 0.8796875 0.44921875 0.10078125 0.12421875
10 0.5625 0.6359375 0.06328125 0.09921875
10 0.9578125 0.621875 0.046875 0.125
5 0.95703125 0.0671875 0.05234375 0.07421875
5 0.3 0.05625 0.04921875 0.075
5 0.47421875 0.4125 0.0453125 0.12265625
11 0.340625 0.4375 0.1046875 0.07734375
9 0.4765625 0.06328125 0.05390625 0.0875
10 0.0578125 0.40859375 0.0625 0.09453125
10 0.2296875 0.4140625 0.0625 0.09453125
6 0.1 0.0640625 0.1390625 0.0921875