10 0.07890625 0.1703125 0.05546875 0.08671875
6 0.2359375 0.37265625 0.11953125 0.075
7 0.2328125 0.25703125 0.0703125 0.090625
10 0.37265625 0.178125 0.05546875 0.08125
10 0.371875 0.38203125 0.053125 0.0796875
10 0.0765625 0.36328125 0.053125 0.08359375
11 0.1609375 0.60625 0.04609375 0.12265625
11 0.16015625 0.80703125 0.04609375 0.1296875
8 0.29921875 0.67109375 0.04140625 0.0984375
4 0.428125 0.59453125 0.10390625 0.125
3 0.6578125 0.66640625 0.0515625 0.07421875
1 0.778125 0.71875 0.06015625 0.12421875
1 0.92578125 0.715625 0.0625 0.125
9 0.3703125 0.80859375 0.05546875 0.06171875
5 0.27734375 0.940625 0.0453125 0.0625
1 0.475 0.92421875 0.09140625 0.08671875
0 0.6578125 0.93984375 0.0546875 0.07265625
0 0.85 0.9359375 0.05546875 0.0765625
7 0.5125 0.18828125 0.0671875 0.0953125