6 0.09140625 0.57890625 0.0578125 0.140625
6 0.29453125 0.47578125 0.0546875 0.140625
3 0.2015625 0.5796875 0.053125 0.0609375
3 0.2015625 0.4453125 0.05625 0.0625
0 0.0890625 0.39375 0.05625 0.0625
1 0.52578125 0.89453125 0.059375 0.103125
1 0.63203125 0.89765625 0.059375 0.1
3 0.64453125 0.7265625 0.05 0.0625
11 0.58359375 0.53984375 0.0875 0.05625
11 0.58671875 0.41484375 0.084375 0.053125
9 0.45234375 0.61328125 0.046875 0.065625
5 0.45625 0.384375 0.0453125 0.053125
1 0.51171875 0.23671875 0.059375 0.103125
1 0.621875 0.24296875 0.065625 0.10625
3 0.63359375 0.0734375 0.05625 0.059375
4 0.82421875 0.65234375 0.0953125 0.121875
4 0.8234375 0.3859375 0.0921875 0.11875
7 0.921875 0.5125 0.06875 0.075
8 0.925 0.79140625 0.075 0.053125
12 0.9640625 0.2359375 0.040625 0.1