1 0.05859375 0.12578125 0.0890625 0.16640625
1 0.06015625 0.4828125 0.09140625 0.1640625
3 0.06875 0.93125 0.07890625 0.09140625
11 0.26640625 0.63125 0.06953125 0.16796875
0 0.39375 0.58515625 0.0859375 0.103125
5 0.3 0.93984375 0.06875 0.08359375
5 0.378125 0.93515625 0.06875 0.078125
4 0.51015625 0.2609375 0.14296875 0.19609375
8 0.525 0.06796875 0.121875 0.0796875
6 0.796875 0.115625 0.18515625 0.103125
10 0.7328125 0.39296875 0.08515625 0.0953125
10 0.73046875 0.553125 0.08515625 0.1
3 0.82109375 0.38984375 0.0765625 0.09375
3 0.81796875 0.5484375 0.0765625 0.09296875
6 0.79609375 0.85703125 0.1875 0.10234375