6 0.871875 0.93984375 0.175 0.0859375
3 0.87109375 0.809375 0.0765625 0.078125
3 0.7578125 0.8078125 0.075 0.078125
10 0.9265625 0.625 0.0765625 0.090625
10 0.7078125 0.6203125 0.0796875 0.084375
1 0.40703125 0.84609375 0.09375 0.1359375
1 0.2421875 0.84609375 0.0875 0.134375
1 0.0640625 0.84609375 0.0875 0.134375
3 0.94921875 0.49453125 0.0703125 0.075
3 0.56484375 0.4515625 0.078125 0.084375
10 0.56484375 0.06640625 0.078125 0.0859375
11 0.4296875 0.4984375 0.1296875 0.0703125
8 0.39296875 0.59296875 0.1125 0.065625
8 0.0421875 0.47734375 0.0609375 0.1125
5 0.4609375 0.3171875 0.0609375 0.065625
1 0.4203125 0.10234375 0.0890625 0.134375
3 0.30078125 0.07421875 0.0765625 0.078125
3 0.1875 0.075 0.075 0.078125
1 0.07890625 0.090625 0.09375 0.1375
4 0.1015625 0.62109375 0.1328125 0.1125