11 0.22109375 0.12265625 0.03671875 0.1109375
6 0.1078125 0.590625 0.034375 0.10859375
6 0.2453125 0.5953125 0.0328125 0.109375
6 0.15625 0.38046875 0.06953125 0.0609375
3 0.178125 0.58359375 0.0390625 0.0625
3 0.07734375 0.9515625 0.03984375 0.06484375
3 0.16953125 0.95234375 0.040625 0.0609375
3 0.27265625 0.9515625 0.04140625 0.0625
1 0.39140625 0.38515625 0.06953125 0.07421875
1 0.3859375 0.634375 0.06796875 0.07734375
1 0.57109375 0.45703125 0.040625 0.06171875
1 0.57265625 0.56875 0.03984375 0.059375
1 0.50234375 0.9625 0.0390625 0.06328125
7 0.765625 0.39921875 0.0546875 0.08125
7 0.77265625 0.63046875 0.053125 0.08359375
7 0.77734375 0.9375 0.05390625 0.08046875
0 0.76953125 0.77421875 0.0515625 0.06875
4 0.56640625 0.134375 0.0671875 0.08984375
4 0.77265625 0.140625 0.06171875 0.09140625
5 0.4109375 0.05390625 0.0375 0.05390625
9 0.4171875 0.2328125 0.03125 0.05546875
8 0.965625 0.08984375 0.03125 0.09375
8 0.97109375 0.36796875 0.03046875 0.0875