1 0.91953125 0.284375 0.096875 0.046875
1 0.92265625 0.38984375 0.1 0.05
6 0.725 0.33046875 0.0625 0.0921875
0 0.9390625 0.70703125 0.065625 0.04375
3 0.72734375 0.71875 0.059375 0.0390625
7 0.83359375 0.70859375 0.075 0.0546875
11 0.58046875 0.05078125 0.103125 0.0375
11 0.4078125 0.04921875 0.103125 0.0375
5 0.65546875 0.14921875 0.05 0.0359375
9 0.36953125 0.1625 0.053125 0.040625
6 0.603125 0.49765625 0.06875 0.0953125
6 0.4125 0.50078125 0.065625 0.09375
3 0.50234375 0.4234375 0.059375 0.0421875
3 0.50078125 0.5109375 0.0625 0.040625
3 0.50078125 0.59296875 0.059375 0.04375
0 0.61484375 0.2640625 0.065625 0.04375
0 0.6078125 0.7234375 0.065625 0.04375
4 0.2390625 0.6421875 0.109375 0.08125
4 0.08359375 0.3140625 0.10625 0.084375
8 0.27421875 0.2796875 0.084375 0.0359375
12 0.046875 0.70703125 0.04375 0.071875
11 0.57109375 0.82421875 0.103125 0.0375
11 0.4 0.8234375 0.1 0.0375
5 0.6453125 0.92265625 0.05 0.0359375
9 0.359375 0.9359375 0.05625 0.046875