6 0.78671875 0.92421875 0.190625 0.0875
3 0.94765625 0.9265625 0.078125 0.075
3 0.784375 0.678125 0.084375 0.08125
10 0.82421875 0.4921875 0.096875 0.08125
10 0.4484375 0.76328125 0.0875 0.090625
1 0.54140625 0.8984375 0.096875 0.1375
1 0.365625 0.9046875 0.1 0.1375
4 0.14609375 0.790625 0.171875 0.140625
8 0.20390625 0.95 0.11875 0.065625
8 0.07578125 0.9484375 0.1203125 0.065625
11 0.2390625 0.45234375 0.146875 0.071875
11 0.24765625 0.17109375 0.146875 0.06875
5 0.05859375 0.4546875 0.0671875 0.065625
5 0.0578125 0.2828125 0.0703125 0.065625
5 0.06015625 0.14609375 0.06875 0.065625
3 0.29140625 0.06015625 0.084375 0.075
7 0.540625 0.3078125 0.109375 0.103125