3 0.075 0.8203125 0.090625 0.08125
0 0.24140625 0.8140625 0.096875 0.0859375
3 0.91328125 0.82265625 0.0875 0.0875
4 0.10859375 0.4625 0.178125 0.146875
12 0.28359375 0.684375 0.1328125 0.053125
8 0.4515625 0.6828125 0.1296875 0.065625
11 0.73203125 0.66796875 0.159375 0.078125
9 0.77578125 0.42578125 0.096875 0.0734375
9 0.90546875 0.4234375 0.0953125 0.06875
1 0.17421875 0.26171875 0.10625 0.140625
4 0.4203125 0.2515625 0.1828125 0.15
3 0.59453125 0.22578125 0.090625 0.0859375
6 0.73203125 0.23671875 0.096875 0.19375