10 0.9078125 0.15859375 0.103125 0.0875
10 0.90703125 0.2734375 0.103125 0.0875
3 0.77890625 0.20390625 0.0875 0.0828125
1 0.5609375 0.2140625 0.10625 0.1484375
7 0.5796875 0.51640625 0.1171875 0.1140625
11 0.30625 0.1578125 0.1578125 0.075
5 0.07890625 0.1703125 0.078125 0.075
12 0.24921875 0.403125 0.134375 0.053125
10 0.0859375 0.465625 0.1015625 0.0875
6 0.746875 0.85546875 0.096875 0.2
3 0.60625 0.85390625 0.0921875 0.0859375
3 0.45078125 0.7953125 0.0921875 0.084375
10 0.44921875 0.92578125 0.103125 0.0875