4 0.6953125 0.1578125 0.13125 0.15625
4 0.69140625 0.3421875 0.134375 0.1609375
8 0.82890625 0.11796875 0.0625 0.1203125
12 0.8328125 0.4046875 0.05625 0.134375
10 0.91015625 0.690625 0.084375 0.078125
3 0.9203125 0.92890625 0.078125 0.0796875
3 0.43828125 0.9265625 0.075 0.0828125
1 0.73203125 0.9 0.09375 0.140625
1 0.5921875 0.90390625 0.0890625 0.1375
6 0.15546875 0.69140625 0.078125 0.1875
3 0.246875 0.68515625 0.078125 0.0828125
10 0.26328125 0.87734375 0.084375 0.09375
7 0.31484375 0.484375 0.0984375 0.109375
11 0.30390625 0.11640625 0.1296875 0.0765625
6 0.1625 0.0453125 0.0671875 0.06875