6 0.909375 0.2109375 0.09375 0.2015625
3 0.78515625 0.21171875 0.0953125 0.090625
10 0.3515625 0.15546875 0.1046875 0.0875
10 0.35 0.26171875 0.1015625 0.0875
3 0.81640625 0.475 0.090625 0.090625
12 0.93203125 0.43046875 0.05625 0.125
7 0.253125 0.49296875 0.121875 0.10625
6 0.1125 0.47109375 0.1 0.203125
1 0.740625 0.85625 0.109375 0.1453125
1 0.52578125 0.865625 0.109375 0.1546875
3 0.51640625 0.675 0.0921875 0.0875
5 0.33671875 0.66953125 0.071875 0.071875
11 0.28046875 0.9265625 0.15625 0.0765625