3 0.17265625 0.08046875 0.0453125 0.065625
3 0.37734375 0.071875 0.040625 0.0671875
3 0.1765625 0.2234375 0.04375 0.065625
3 0.371875 0.23359375 0.040625 0.05625
3 0.16875 0.553125 0.04375 0.0640625
3 0.246875 0.9375 0.04375 0.0640625
3 0.05390625 0.93125 0.04375 0.065625
6 0.0875 0.35078125 0.0765625 0.059375
6 0.22109375 0.353125 0.0765625 0.05625
6 0.103125 0.76796875 0.0765625 0.0546875
6 0.22109375 0.77109375 0.0734375 0.05625
0 0.0703125 0.53515625 0.046875 0.06875
0 0.2515625 0.54140625 0.05 0.06875
1 0.49453125 0.4421875 0.0734375 0.071875
1 0.49765625 0.52578125 0.06875 0.0703125
1 0.734375 0.83828125 0.0703125 0.071875
1 0.73515625 0.92421875 0.071875 0.078125
7 0.48671875 0.89609375 0.05625 0.0796875
7 0.7328125 0.37421875 0.053125 0.08125
0 0.765625 0.63515625 0.046875 0.0640625
4 0.54921875 0.13203125 0.0671875 0.0875
4 0.70703125 0.13359375 0.065625 0.090625
4 0.86328125 0.128125 0.0625 0.090625
8 0.96640625 0.20859375 0.0375 0.0875
11 0.9140625 0.3734375 0.0375 0.10625
9 0.8453125 0.340625 0.034375 0.053125
5 0.96796875 0.44453125 0.0375 0.0625
7 0.2796875 0.14140625 0.05625 0.08125