6 0.10859375 0.34296875 0.08046875 0.0625
6 0.275 0.340625 0.078125 0.06015625
6 0.04765625 0.484375 0.03984375 0.1296875
6 0.31484375 0.47890625 0.040625 0.12890625
6 0.05546875 0.69296875 0.0390625 0.1296875
6 0.31484375 0.6921875 0.03984375 0.12734375
6 0.05546875 0.8796875 0.04140625 0.1296875
6 0.18671875 0.91328125 0.0828125 0.0625
6 0.30859375 0.87734375 0.0390625 0.128125
1 0.34921875 0.12734375 0.059375 0.06640625
1 0.5 0.12421875 0.0578125 0.06640625
1 0.43125 0.4671875 0.0609375 0.06640625
3 0.5953125 0.4921875 0.046875 0.07265625
1 0.60390625 0.6390625 0.0609375 0.06953125
1 0.75546875 0.63515625 0.0609375 0.06796875
1 0.68671875 0.91328125 0.0640625 0.0703125
3 0.54296875 0.903125 0.0484375 0.0703125
3 0.8671875 0.9015625 0.04609375 0.0734375
0 0.60078125 0.07734375 0.040625 0.06484375
4 0.74609375 0.40078125 0.071875 0.10234375
12 0.6796875 0.2328125 0.06484375 0.046875
8 0.88046875 0.35859375 0.03828125 0.10703125
11 0.6796875 0.096875 0.03515625 0.09609375
9 0.79375 0.04921875 0.03984375 0.0546875
5 0.9609375 0.07265625 0.03203125 0.0546875