6 0.896875 0.05234375 0.1625 0.078125
10 0.92890625 0.25078125 0.071875 0.0875
10 0.7078125 0.284375 0.071875 0.084375
3 0.90859375 0.1328125 0.071875 0.071875
11 0.95390625 0.434375 0.06875 0.128125
10 0.74765625 0.43828125 0.0796875 0.078125
10 0.74375 0.53984375 0.0828125 0.078125
5 0.9484375 0.5984375 0.065625 0.065625
8 0.92734375 0.69921875 0.10625 0.0609375
8 0.9328125 0.95 0.103125 0.0640625
4 0.725 0.89921875 0.103125 0.1234375
3 0.5921875 0.7109375 0.071875 0.0734375
3 0.5953125 0.9328125 0.06875 0.075
3 0.4265625 0.74609375 0.0828125 0.1296875
1 0.42734375 0.74765625 0.084375 0.13125
1 0.23671875 0.75546875 0.084375 0.1328125
1 0.07890625 0.75546875 0.0828125 0.1328125
3 0.07265625 0.94375 0.071875 0.075