11 0.40234375 0.8828125 0.13125 0.0734375
11 0.39609375 0.7515625 0.1296875 0.06875
5 0.55078125 0.753125 0.065625 0.071875
5 0.5546875 0.625 0.065625 0.0640625
10 0.19609375 0.23984375 0.084375 0.08125
10 0.19765625 0.12890625 0.084375 0.0859375
3 0.30625 0.175 0.08125 0.0875
6 0.4171875 0.16328125 0.084375 0.1875
1 0.9234375 0.9015625 0.0875 0.1375
3 0.74609375 0.909375 0.078125 0.0828125
4 0.86171875 0.41171875 0.140625 0.1625
4 0.86640625 0.2125 0.134375 0.165625
8 0.815625 0.0515625 0.1109375 0.06875