7 0.23515625 0.77421875 0.115625 0.1453125
1 0.08515625 0.64921875 0.103125 0.1984375
1 0.43125 0.63125 0.15625 0.13125
5 0.62578125 0.93046875 0.075 0.09375
11 0.7703125 0.7375 0.1625 0.1046875
9 0.6140625 0.56484375 0.1 0.09375
9 0.90859375 0.578125 0.09375 0.09375
10 0.19140625 0.3421875 0.10625 0.115625
3 0.31484375 0.35390625 0.09375 0.121875
10 0.42578125 0.35390625 0.096875 0.121875
3 0.540625 0.35390625 0.084375 0.10625
8 0.88671875 0.41171875 0.06875 0.159375
4 0.78828125 0.21796875 0.1265625 0.178125