10 0.15859375 0.0921875 0.0875 0.10234375
10 0.2734375 0.09296875 0.0875 0.10234375
3 0.20390625 0.22109375 0.0828125 0.0875
1 0.2140625 0.4390625 0.1484375 0.10703125
7 0.51640625 0.4203125 0.1140625 0.1171875
11 0.1578125 0.69375 0.07578125 0.1578125
5 0.1703125 0.92109375 0.07421875 0.078125
12 0.403125 0.75078125 0.05390625 0.134375
10 0.465625 0.9140625 0.08828125 0.1015625
6 0.85546875 0.253125 0.2 0.096875
3 0.85390625 0.39375 0.0859375 0.0921875
3 0.7953125 0.54921875 0.084375 0.0921875
10 0.92578125 0.55078125 0.08671875 0.103125