4 0.1078125 0.121875 0.0796875 0.1359375
4 0.24453125 0.121875 0.078125 0.1265625
8 0.02890625 0.32109375 0.03125 0.10625
8 0.0296875 0.6140625 0.034375 0.1015625
8 0.03359375 0.91953125 0.03125 0.10625
12 0.30546875 0.46171875 0.06875 0.0546875
12 0.75859375 0.4453125 0.065625 0.0546875
1 0.409375 0.0765625 0.0671875 0.08125
1 0.6390625 0.08984375 0.065625 0.0875
1 0.4140625 0.4296875 0.0671875 0.0875
1 0.6359375 0.428125 0.065625 0.084375
7 0.4078125 0.26796875 0.05 0.1
7 0.62421875 0.26796875 0.053125 0.1015625
7 0.68125 0.77265625 0.05 0.090625
7 0.9109375 0.771875 0.0515625 0.096875
6 0.26953125 0.60859375 0.0875 0.0828125
6 0.4703125 0.60078125 0.090625 0.0828125
6 0.275 0.91484375 0.0921875 0.075
3 0.2703125 0.76328125 0.04375 0.0734375
3 0.365625 0.76328125 0.040625 0.08125
3 0.4625 0.76171875 0.04375 0.078125
3 0.79609375 0.7609375 0.040625 0.078125
1 0.68125 0.58515625 0.071875 0.0875
1 0.90859375 0.5921875 0.06875 0.0875
1 0.6859375 0.93515625 0.06875 0.08125
1 0.90859375 0.9296875 0.065625 0.0875
11 0.740625 0.1109375 0.034375 0.125
11 0.96171875 0.109375 0.040625 0.1296875
9 0.8453125 0.0625 0.040625 0.0640625
5 0.93828125 0.4546875 0.03125 0.065625