1 0.89609375 0.06171875 0.14375 0.06875
1 0.896875 0.14375 0.146875 0.071875
10 0.659375 0.21171875 0.0875 0.06875
10 0.65234375 0.31953125 0.0875 0.065625
3 0.8046875 0.50625 0.0859375 0.0625
6 0.9046875 0.39921875 0.0921875 0.1390625
6 0.90625 0.6140625 0.090625 0.140625
11 0.9453125 0.86953125 0.078125 0.10625
5 0.8203125 0.9640625 0.0734375 0.046875
10 0.64765625 0.9578125 0.09375 0.059375
3 0.4625 0.6734375 0.128125 0.1
3 0.459375 0.871875 0.125 0.0984375
8 0.37734375 0.54765625 0.11875 0.0453125
8 0.38671875 0.96171875 0.11875 0.05
1 0.09921875 0.57265625 0.1421875 0.0671875
1 0.09140625 0.953125 0.14375 0.0703125
3 0.0875 0.7015625 0.090625 0.0625
3 0.0875 0.82421875 0.0875 0.0609375