1 0.0921875 0.9203125 0.10625 0.06875
1 0.0921875 0.81875 0.1046875 0.065625
1 0.0921875 0.71484375 0.10625 0.0625
3 0.25078125 0.93125 0.059375 0.053125
3 0.26015625 0.7671875 0.05625 0.05625
10 0.25 0.58359375 0.065625 0.0609375
6 0.46640625 0.75625 0.140625 0.0625
6 0.859375 0.75 0.1421875 0.059375
0 0.47421875 0.60546875 0.06875 0.0578125
3 0.6375 0.65234375 0.0625 0.0578125
0 0.790625 0.60234375 0.06875 0.059375
3 0.4046875 0.47265625 0.0625 0.059375
11 0.5453125 0.46953125 0.1078125 0.05625
11 0.59375 0.24140625 0.109375 0.0515625
9 0.38046875 0.25078125 0.05625 0.059375
5 0.61953125 0.34921875 0.05625 0.0484375
1 0.79453125 0.41875 0.10625 0.0625
1 0.79453125 0.31796875 0.1046875 0.0625
1 0.7921875 0.21015625 0.1 0.0640625
3 0.953125 0.42890625 0.0578125 0.05625
3 0.95 0.28828125 0.0609375 0.05625
10 0.95234375 0.084375 0.071875 0.0609375
4 0.1484375 0.3609375 0.1125 0.115625
8 0.271875 0.4703125 0.0875 0.04375
8 0.27265625 0.240625 0.0890625 0.0453125