3 0.865625 0.68984375 0.075 0.0484375
6 0.86484375 0.6859375 0.078125 0.0484375
6 0.9234375 0.49609375 0.034375 0.09375
6 0.77578125 0.49375 0.034375 0.09375
3 0.8484375 0.56796875 0.04375 0.059375
3 0.9546875 0.059375 0.04375 0.053125
3 0.8328125 0.0578125 0.04375 0.059375
1 0.6328125 0.66640625 0.0578125 0.05
1 0.62890625 0.47734375 0.05625 0.05
1 0.628125 0.28203125 0.0609375 0.046875
1 0.62265625 0.0921875 0.0609375 0.05625
3 0.46328125 0.5796875 0.046875 0.053125
3 0.45703125 0.1953125 0.046875 0.05625
4 0.6328125 0.88359375 0.0671875 0.0796875
4 0.475 0.88359375 0.0703125 0.0796875
4 0.30078125 0.88125 0.071875 0.0765625
8 0.88125 0.92890625 0.034375 0.078125
8 0.8859375 0.81953125 0.034375 0.078125
7 0.05 0.940625 0.059375 0.071875
7 0.32890625 0.6640625 0.0609375 0.071875
7 0.32890625 0.471875 0.0625 0.06875
7 0.32578125 0.28046875 0.059375 0.0765625
7 0.32109375 0.08828125 0.05625 0.075
5 0.0421875 0.7890625 0.0359375 0.0546875
5 0.02890625 0.5859375 0.0375 0.053125
9 0.240625 0.54921875 0.034375 0.046875
0 0.234375 0.66875 0.046875 0.0625
11 0.2328125 0.44453125 0.0421875 0.0921875