11 0.06015625 0.13046875 0.0875 0.16796875
5 0.0546875 0.33828125 0.07734375 0.08125
11 0.0546875 0.5296875 0.0828125 0.1734375
11 0.0578125 0.8515625 0.0859375 0.171875
3 0.3296875 0.615625 0.09453125 0.096875
3 0.34296875 0.85390625 0.09765625 0.09609375
3 0.48984375 0.74453125 0.09375 0.09453125
1 0.34140625 0.73828125 0.16328125 0.11328125
3 0.67421875 0.15390625 0.103125 0.0984375
3 0.52109375 0.07421875 0.09609375 0.0984375
3 0.51796875 0.4109375 0.09609375 0.0984375
6 0.8078125 0.14296875 0.10078125 0.23203125
4 0.8796875 0.67578125 0.1703125 0.19921875
8 0.946875 0.509375 0.08359375 0.1390625
12 0.9484375 0.8859375 0.07109375 0.17109375