3 0.34140625 0.1453125 0.09296875 0.09453125
3 0.4890625 0.25234375 0.0921875 0.0921875
3 0.33125 0.384375 0.0953125 0.1
1 0.340625 0.2609375 0.16328125 0.1171875
11 0.05703125 0.14609375 0.0828125 0.17578125
11 0.05546875 0.4671875 0.08046875 0.16875
11 0.05625 0.86640625 0.08046875 0.16796875
5 0.05546875 0.66171875 0.075 0.078125
3 0.515625 0.5859375 0.09765625 0.096875
3 0.675 0.8421875 0.09765625 0.1015625
3 0.51796875 0.9234375 0.09296875 0.0984375
6 0.8046875 0.85703125 0.103125 0.22734375
12 0.94921875 0.11484375 0.06484375 0.1703125
8 0.946875 0.4890625 0.07421875 0.14296875
4 0.87890625 0.3234375 0.1671875 0.19375