6 0.84453125 0.09609375 0.140625 0.103125
6 0.34921875 0.096875 0.14375 0.103125
7 0.59296875 0.0828125 0.1734375 0.059375
0 0.05859375 0.03671875 0.115625 0.04375
4 0.68046875 0.34375 0.2234375 0.0921875
12 0.84453125 0.27265625 0.096875 0.075
12 0.84296875 0.415625 0.096875 0.078125
0 0.33515625 0.34453125 0.140625 0.053125
0 0.1 0.2828125 0.1453125 0.05
0 0.09453125 0.41640625 0.14375 0.053125
3 0.12109375 0.34609375 0.128125 0.05
3 0.69453125 0.534375 0.134375 0.04375
3 0.309375 0.525 0.11875 0.04375
1 0.89609375 0.521875 0.15625 0.078125
1 0.53984375 0.5234375 0.140625 0.0796875
1 0.09453125 0.5203125 0.15625 0.0765625
11 0.684375 0.69140625 0.221875 0.040625
11 0.40859375 0.690625 0.21875 0.040625
11 0.125 0.69140625 0.215625 0.040625
9 0.909375 0.75390625 0.10625 0.046875
5 0.06875 0.7640625 0.11875 0.040625