6 0.1203125 0.14765625 0.12734375 0.12421875
6 0.1234375 0.62890625 0.12734375 0.121875
7 0.10703125 0.39765625 0.07109375 0.15
0 0.053125 0.91953125 0.06328125 0.1234375
0 0.4390625 0.73359375 0.06015625 0.125
0 0.3546875 0.8671875 0.06015625 0.1234375
0 0.5234375 0.87421875 0.05859375 0.12578125
4 0.42109375 0.25546875 0.11015625 0.209375
12 0.35078125 0.06640625 0.0953125 0.08984375
12 0.51875 0.07109375 0.09296875 0.08359375
1 0.6546875 0.09765625 0.09296875 0.13671875
1 0.65703125 0.44765625 0.09375 0.14453125
3 0.67109375 0.296875 0.05234375 0.1109375
0 0.94140625 0.08984375 0.06328125 0.125
0 0.94296875 0.45234375 0.0578125 0.12578125
3 0.93671875 0.29453125 0.0578125 0.11953125
11 0.80859375 0.83671875 0.046875 0.19765625
11 0.87109375 0.84375 0.0453125 0.1953125
9 0.95078125 0.74296875 0.05703125 0.103125
5 0.96171875 0.90078125 0.046875 0.09453125