3 0.9359375 0.0671875 0.09375 0.078125
3 0.553125 0.81640625 0.1 0.0765625
3 0.39453125 0.821875 0.09375 0.0765625
1 0.4828125 0.0578125 0.16875 0.0859375
1 0.12578125 0.06015625 0.1671875 0.0875
11 0.63125 0.2640625 0.1671875 0.06875
3 0.58671875 0.39609375 0.10625 0.08125
0 0.5875 0.39453125 0.103125 0.08125
5 0.9421875 0.29921875 0.084375 0.065625
5 0.9375 0.3828125 0.078125 0.071875
4 0.26484375 0.51171875 0.196875 0.14375
8 0.06796875 0.525 0.078125 0.121875
6 0.859375 0.7953125 0.10625 0.1875
6 0.1171875 0.7953125 0.109375 0.1875
10 0.5578125 0.7328125 0.096875 0.0859375
10 0.3953125 0.73359375 0.1015625 0.0890625