1 0.12578125 0.94140625 0.165625 0.0890625
1 0.4828125 0.93984375 0.1640625 0.090625
3 0.93125 0.93125 0.090625 0.078125
11 0.63125 0.73359375 0.16875 0.06875
0 0.58515625 0.60625 0.103125 0.0859375
5 0.93984375 0.7 0.084375 0.06875
5 0.93515625 0.621875 0.078125 0.06875
4 0.2609375 0.48984375 0.196875 0.14375
8 0.06796875 0.475 0.0796875 0.121875
6 0.115625 0.203125 0.103125 0.184375
10 0.39296875 0.2671875 0.0953125 0.084375
10 0.553125 0.26953125 0.1 0.084375
3 0.38984375 0.17890625 0.09375 0.0765625
3 0.5484375 0.18203125 0.09375 0.0765625
6 0.85703125 0.20390625 0.103125 0.1875