1 0.07265625 0.0625 0.07421875 0.0734375
1 0.06796875 0.24921875 0.075 0.075
7 0.1703125 0.15859375 0.05859375 0.08359375
3 0.325 0.25 0.04375 0.0640625
3 0.32109375 0.43984375 0.04453125 0.0640625
3 0.30390625 0.825 0.04375 0.06328125
7 0.20390625 0.4390625 0.06171875 0.07734375
6 0.221875 0.8296875 0.04921875 0.1421875
0 0.4125 0.825 0.05078125 0.0671875
0 0.41328125 0.90390625 0.0515625 0.06328125
11 0.425 0.103125 0.040625 0.1109375
11 0.5953125 0.45078125 0.03984375 0.10625
8 0.4234375 0.46171875 0.03828125 0.08984375
9 0.575 0.078125 0.0484375 0.05390625
5 0.59296875 0.3328125 0.0390625 0.053125
8 0.6609375 0.1 0.0359375 0.090625
8 0.85078125 0.10390625 0.0375 0.08828125
8 0.6625 0.484375 0.03984375 0.08984375
8 0.84921875 0.4859375 0.0359375 0.0859375
4 0.7390625 0.26328125 0.08828125 0.11328125
1 0.640625 0.60859375 0.0734375 0.0703125
1 0.63515625 0.79375 0.07734375 0.0734375
7 0.7390625 0.70625 0.0625 0.07890625
3 0.89296875 0.7984375 0.05078125 0.06484375