4 0.16796875 0.27265625 0.08359375 0.13203125
4 0.29921875 0.259375 0.08828125 0.1328125
12 0.14609375 0.1328125 0.08046875 0.05859375
3 0.30078125 0.665625 0.04453125 0.075
1 0.321875 0.9203125 0.0734375 0.08359375
0 0.4703125 0.93203125 0.046875 0.078125
3 0.53984375 0.6796875 0.04375 0.0734375
1 0.5625 0.93203125 0.0765625 0.08359375
0 0.70859375 0.94375 0.05078125 0.08203125
6 0.51953125 0.26015625 0.04609375 0.1734375
6 0.85546875 0.2640625 0.04453125 0.171875
7 0.615625 0.28359375 0.0578125 0.09765625
7 0.72578125 0.28125 0.059375 0.09375
11 0.7875 0.9125 0.0421875 0.12734375
11 0.96640625 0.9140625 0.03984375 0.12265625
5 0.78828125 0.65234375 0.03984375 0.0671875
5 0.96640625 0.65 0.03828125 0.06640625
9 0.96875 0.75625 0.03984375 0.075