1 0.06171875 0.10390625 0.06796875 0.14296875
1 0.14375 0.103125 0.07109375 0.146875
10 0.21171875 0.340625 0.06796875 0.08828125
10 0.31953125 0.34765625 0.065625 0.0875
3 0.50625 0.1953125 0.06171875 0.0859375
6 0.39921875 0.0953125 0.1390625 0.0921875
6 0.6140625 0.09375 0.13984375 0.08984375
11 0.86953125 0.0546875 0.10546875 0.078125
5 0.9640625 0.1796875 0.04609375 0.0734375
10 0.9578125 0.35234375 0.059375 0.09296875
3 0.6734375 0.5375 0.10078125 0.12734375
3 0.871875 0.540625 0.0984375 0.12578125
8 0.54765625 0.62265625 0.0453125 0.11796875
8 0.96171875 0.61328125 0.05 0.11875
1 0.57265625 0.90078125 0.0671875 0.1421875
1 0.953125 0.90859375 0.0703125 0.14296875
3 0.7015625 0.9125 0.06171875 0.08984375
3 0.82421875 0.9125 0.0609375 0.08828125