3 0.68984375 0.134375 0.0484375 0.075
6 0.6859375 0.13515625 0.046875 0.078125
6 0.49609375 0.0765625 0.09375 0.034375
6 0.49375 0.22421875 0.09375 0.034375
3 0.56796875 0.1515625 0.059375 0.04375
3 0.059375 0.0453125 0.053125 0.04375
3 0.0578125 0.1671875 0.059375 0.04375
1 0.66640625 0.3671875 0.05 0.0578125
1 0.47734375 0.37109375 0.05 0.05625
1 0.28203125 0.371875 0.046875 0.0609375
1 0.0921875 0.37734375 0.05625 0.0609375
3 0.5796875 0.53671875 0.053125 0.046875
3 0.1953125 0.54296875 0.05625 0.046875
4 0.88359375 0.3671875 0.0796875 0.065625
4 0.88359375 0.525 0.0796875 0.06875
4 0.88125 0.69921875 0.0765625 0.071875
8 0.92890625 0.11875 0.078125 0.034375
8 0.81953125 0.1140625 0.078125 0.034375
7 0.940625 0.95 0.071875 0.059375
7 0.6640625 0.67109375 0.071875 0.059375
7 0.471875 0.67109375 0.06875 0.0625
7 0.28046875 0.67421875 0.0765625 0.059375
7 0.08828125 0.67890625 0.075 0.05625
5 0.7890625 0.9578125 0.0546875 0.0359375
5 0.5859375 0.97109375 0.053125 0.0375
9 0.54921875 0.759375 0.046875 0.034375
0 0.66875 0.765625 0.0625 0.046875
11 0.44453125 0.7671875 0.0921875 0.0421875