4 0.19140625 0.7515625 0.134375 0.1359375
12 0.06796875 0.7921875 0.0546875 0.1171875
8 0.25234375 0.35546875 0.109375 0.053125
7 0.06953125 0.4625 0.1 0.090625
11 0.2046875 0.2734375 0.134375 0.0625
9 0.04609375 0.2171875 0.0625 0.0765625
6 0.4328125 0.57890625 0.084375 0.1609375
3 0.603125 0.93359375 0.075 0.06875
3 0.53671875 0.58046875 0.0734375 0.071875
3 0.5375 0.3890625 0.078125 0.0703125
0 0.4328125 0.3953125 0.08125 0.075
3 0.7296875 0.7671875 0.075 0.0671875
3 0.7421875 0.3640625 0.075 0.0703125
1 0.83671875 0.7390625 0.0859375 0.1171875
1 0.86328125 0.3921875 0.0875 0.11875
1 0.95234375 0.74296875 0.0875 0.115625