4 0.703125 0.80703125 0.1640625 0.1375
6 0.5015625 0.5640625 0.184375 0.0828125
3 0.50078125 0.4625 0.08125 0.08125
3 0.27578125 0.4609375 0.084375 0.075
3 0.92109375 0.39765625 0.0828125 0.0734375
0 0.28046875 0.5671875 0.09375 0.0859375
1 0.6921875 0.16328125 0.134375 0.090625
1 0.69453125 0.04296875 0.1390625 0.0859375
3 0.51171875 0.25078125 0.0828125 0.08125
9 0.20078125 0.290625 0.0859375 0.0671875
11 0.36328125 0.0875 0.078125 0.13125
5 0.1875 0.1875 0.06875 0.065625
3 0.43203125 0.73203125 0.08125 0.075
1 0.253125 0.753125 0.090625 0.128125
8 0.5609375 0.746875 0.0625 0.109375
12 0.75 0.93359375 0.140625 0.05625
7 0.36328125 0.93046875 0.1046875 0.0984375