11 0.13046875 0.93984375 0.16875 0.0875
5 0.33828125 0.9453125 0.08125 0.078125
11 0.5296875 0.9453125 0.1734375 0.0828125
11 0.8515625 0.9421875 0.171875 0.0859375
3 0.615625 0.6703125 0.096875 0.09375
3 0.85390625 0.65703125 0.096875 0.0984375
3 0.74453125 0.51015625 0.09375 0.09375
1 0.73828125 0.65859375 0.1125 0.1625
3 0.15390625 0.32578125 0.0984375 0.103125
3 0.07421875 0.47890625 0.0984375 0.096875
3 0.4109375 0.48203125 0.0984375 0.096875
6 0.14296875 0.1921875 0.23125 0.1
4 0.67578125 0.1203125 0.2 0.1703125
8 0.509375 0.053125 0.1390625 0.084375
12 0.8859375 0.0515625 0.171875 0.071875