3 0.0671875 0.0640625 0.078125 0.09375
3 0.81640625 0.446875 0.0765625 0.1
3 0.821875 0.60546875 0.0765625 0.09375
1 0.0578125 0.5171875 0.0859375 0.16875
1 0.06015625 0.87421875 0.0875 0.1671875
11 0.2640625 0.36875 0.06875 0.1671875
3 0.39609375 0.41328125 0.08125 0.10625
0 0.39453125 0.4125 0.08125 0.103125
5 0.29921875 0.0578125 0.065625 0.084375
5 0.3828125 0.0625 0.071875 0.078125
4 0.51171875 0.73515625 0.14375 0.196875
8 0.525 0.93203125 0.121875 0.078125
6 0.7953125 0.140625 0.1875 0.10625
6 0.7953125 0.8828125 0.1875 0.109375
10 0.7328125 0.4421875 0.0859375 0.096875
10 0.73359375 0.6046875 0.0890625 0.1015625