6 0.13046875 0.1515625 0.06328125 0.234375
6 0.26171875 0.1734375 0.06328125 0.228125
3 0.2 0.1953125 0.05390625 0.10078125
10 0.6 0.09609375 0.06015625 0.11640625
10 0.66953125 0.10078125 0.0625 0.1109375
7 0.62421875 0.2765625 0.078125 0.13359375
8 0.346875 0.8328125 0.04609375 0.14140625
4 0.4421875 0.86953125 0.115625 0.17890625
1 0.5734375 0.8859375 0.07109375 0.1703125
1 0.6625 0.89453125 0.07109375 0.1703125
5 0.81640625 0.62421875 0.03984375 0.06796875
11 0.946875 0.8578125 0.0515625 0.1734375