6 0.42109375 0.09140625 0.140625 0.0578125
6 0.52421875 0.29453125 0.14140625 0.0546875
3 0.4203125 0.2015625 0.0609375 0.053125
3 0.5546875 0.2015625 0.06171875 0.05625
0 0.60625 0.0890625 0.06328125 0.05703125
1 0.10546875 0.52578125 0.103125 0.06015625
1 0.10234375 0.63203125 0.10078125 0.06015625
3 0.2734375 0.64453125 0.06171875 0.05
11 0.46015625 0.58359375 0.05546875 0.08828125
11 0.58515625 0.58671875 0.053125 0.08515625
9 0.38671875 0.45234375 0.065625 0.04765625
5 0.615625 0.45625 0.05234375 0.0453125
1 0.76328125 0.51171875 0.10390625 0.059375
1 0.75703125 0.621875 0.10703125 0.065625
3 0.9265625 0.63359375 0.05859375 0.05703125
4 0.34765625 0.82421875 0.12109375 0.0953125
4 0.6140625 0.8234375 0.11796875 0.0921875
7 0.4875 0.921875 0.075 0.06875
8 0.20859375 0.925 0.05234375 0.075
12 0.7640625 0.9640625 0.09921875 0.040625