4 0.29921875 0.1640625 0.090625 0.1078125
8 0.03515625 0.06328125 0.03984375 0.0859375
8 0.0359375 0.22734375 0.04140625 0.08359375
12 0.35390625 0.04453125 0.08046875 0.04609375
7 0.159375 0.1390625 0.06484375 0.07890625
7 0.78125 0.12734375 0.0640625 0.07734375
6 0.3671875 0.5015625 0.0515625 0.13984375
6 0.66484375 0.50703125 0.053125 0.13515625
6 0.509375 0.58515625 0.1109375 0.06484375
3 0.509375 0.48125 0.04765625 0.05859375
11 0.459375 0.159375 0.0421875 0.1015625
11 0.6453125 0.21640625 0.0484375 0.10078125
9 0.64296875 0.04609375 0.0546875 0.04921875
5 0.46328125 0.046875 0.0453125 0.05078125
3 0.33203125 0.79140625 0.05 0.0625
1 0.33359375 0.9328125 0.0828125 0.07109375
0 0.55703125 0.9484375 0.05390625 0.0671875
1 0.7171875 0.78671875 0.0578125 0.10234375
1 0.91875 0.7875 0.05625 0.1015625
3 0.7921875 0.953125 0.0484375 0.0609375
3 0.85078125 0.95078125 0.04765625 0.06015625