1 0.0796875 0.0921875 0.06796875 0.10703125
1 0.18125 0.0921875 0.06484375 0.1046875
1 0.28515625 0.0921875 0.0625 0.10625
3 0.06875 0.25078125 0.053125 0.06015625
3 0.2328125 0.26015625 0.05546875 0.05703125
10 0.41640625 0.25 0.0609375 0.06640625
6 0.24375 0.46640625 0.0625 0.140625
6 0.25 0.859375 0.059375 0.1421875
0 0.39453125 0.47421875 0.0578125 0.06796875
3 0.34765625 0.6375 0.0578125 0.06328125
0 0.39765625 0.790625 0.05859375 0.06796875
3 0.52734375 0.4046875 0.05859375 0.0625
11 0.53046875 0.5453125 0.05546875 0.1078125
11 0.75859375 0.59375 0.0515625 0.109375
9 0.74921875 0.38046875 0.059375 0.05625
5 0.65078125 0.61953125 0.0484375 0.05625
1 0.58125 0.79453125 0.0625 0.10546875
1 0.68203125 0.79453125 0.06328125 0.1046875
1 0.78984375 0.7921875 0.0640625 0.10078125
3 0.57109375 0.953125 0.05703125 0.0578125
3 0.71171875 0.95 0.05546875 0.0609375
10 0.915625 0.95234375 0.0609375 0.07265625
4 0.6390625 0.1484375 0.115625 0.1125
8 0.5296875 0.271875 0.04453125 0.08828125
8 0.759375 0.27265625 0.0453125 0.0890625