4 0.296875 0.19296875 0.1625 0.1375
6 0.4984375 0.4359375 0.184375 0.0828125
3 0.49921875 0.5375 0.08125 0.08125
3 0.72421875 0.5390625 0.084375 0.075
3 0.07890625 0.60234375 0.0828125 0.0734375
0 0.71953125 0.4328125 0.09375 0.0859375
1 0.3078125 0.83671875 0.134375 0.090625
1 0.30546875 0.95703125 0.1390625 0.0859375
3 0.48828125 0.74921875 0.0828125 0.08125
9 0.79921875 0.709375 0.084375 0.0671875
11 0.63671875 0.9125 0.078125 0.13125
5 0.8125 0.8125 0.06875 0.065625
3 0.56796875 0.26796875 0.08125 0.075
1 0.746875 0.246875 0.090625 0.128125
8 0.4390625 0.253125 0.0625 0.109375
12 0.25 0.06640625 0.140625 0.05625
7 0.63671875 0.06953125 0.103125 0.0984375