6 0.85234375 0.1203125 0.125 0.128125
6 0.37109375 0.1234375 0.121875 0.128125
7 0.60234375 0.10703125 0.15 0.071875
0 0.08046875 0.053125 0.1234375 0.0625
0 0.26640625 0.4390625 0.125 0.059375
0 0.1328125 0.3546875 0.1234375 0.059375
0 0.12578125 0.5234375 0.125 0.059375
4 0.74453125 0.42109375 0.209375 0.109375
12 0.93359375 0.35078125 0.090625 0.0953125
12 0.92890625 0.51875 0.084375 0.09375
1 0.90234375 0.6546875 0.1375 0.09375
1 0.55234375 0.65703125 0.14375 0.09375
3 0.703125 0.67109375 0.1109375 0.053125
0 0.91015625 0.94140625 0.125 0.0625
0 0.54765625 0.94296875 0.125 0.0578125
3 0.70546875 0.93671875 0.11875 0.0578125
11 0.16328125 0.80859375 0.196875 0.046875
11 0.15625 0.87109375 0.1953125 0.0453125
9 0.25703125 0.95078125 0.103125 0.0578125
5 0.09921875 0.96171875 0.09375 0.046875