11 0.87734375 0.22109375 0.1109375 0.0375
6 0.409375 0.1078125 0.109375 0.034375
6 0.4046875 0.2453125 0.109375 0.0328125
6 0.61953125 0.15625 0.0609375 0.06875
3 0.41640625 0.178125 0.0625 0.0390625
3 0.0484375 0.07734375 0.065625 0.040625
3 0.04765625 0.16953125 0.0609375 0.040625
3 0.0484375 0.27265625 0.0625 0.040625
1 0.61484375 0.39140625 0.075 0.06875
1 0.365625 0.3859375 0.078125 0.06875
1 0.54296875 0.57109375 0.0625 0.040625
1 0.43125 0.57265625 0.059375 0.040625
1 0.0375 0.50234375 0.0625 0.0390625
7 0.60078125 0.765625 0.08125 0.0546875
7 0.36953125 0.77265625 0.084375 0.053125
7 0.0625 0.77734375 0.08125 0.0546875
0 0.22578125 0.76953125 0.06875 0.0515625
4 0.865625 0.56640625 0.090625 0.0671875
4 0.859375 0.77265625 0.090625 0.0625
5 0.94609375 0.4109375 0.053125 0.0375
9 0.7671875 0.4171875 0.05625 0.03125
8 0.91015625 0.965625 0.09375 0.03125
8 0.63203125 0.97109375 0.0875 0.03125