4 0.18515625 0.303125 0.1578125 0.1296875
4 0.34453125 0.30859375 0.1546875 0.1390625
8 0.11484375 0.171875 0.1125 0.0609375
12 0.403125 0.16796875 0.140625 0.0546875
10 0.6921875 0.08828125 0.08125 0.084375
10 0.8734375 0.08984375 0.08125 0.084375
6 0.7671875 0.30625 0.1875 0.0796875
7 0.765625 0.1953125 0.1 0.0953125
3 0.67109375 0.521875 0.078125 0.075
3 0.92734375 0.8765625 0.08125 0.06875
1 0.8984375 0.5953125 0.1359375 0.0875
1 0.89921875 0.696875 0.1359375 0.0875
1 0.89921875 0.803125 0.1421875 0.084375
11 0.41328125 0.6984375 0.06875 0.13125
11 0.0953125 0.69609375 0.06875 0.13125
11 0.24921875 0.7984375 0.140625 0.06875
0 0.596875 0.73046875 0.090625 0.084375
5 0.09609375 0.8765625 0.08125 0.06875
5 0.4140625 0.8796875 0.075 0.065625