7 0.22578125 0.23515625 0.1453125 0.11640625
1 0.35078125 0.08515625 0.19765625 0.103125
1 0.36875 0.43125 0.13046875 0.15546875
5 0.06953125 0.62578125 0.09375 0.07421875
11 0.2625 0.7703125 0.1046875 0.16171875
9 0.43515625 0.6140625 0.09375 0.09921875
9 0.421875 0.90859375 0.09375 0.09453125
10 0.6578125 0.19140625 0.115625 0.10703125
3 0.64609375 0.31484375 0.12109375 0.09375
10 0.64609375 0.42578125 0.121875 0.09609375
3 0.64609375 0.540625 0.10703125 0.08515625
8 0.58828125 0.88671875 0.159375 0.06796875
4 0.78203125 0.78828125 0.17734375 0.1265625