3 0.20703125 0.89921875 0.0875 0.059375
3 0.4265625 0.28515625 0.084375 0.0578125
3 0.9125 0.29765625 0.08125 0.059375
3 0.9125 0.2375 0.084375 0.059375
3 0.91328125 0.175 0.0875 0.059375
3 0.10546875 0.42734375 0.14375 0.065625
1 0.1046875 0.42734375 0.1453125 0.0671875
1 0.40625 0.421875 0.14375 0.071875
1 0.90078125 0.42734375 0.1453125 0.0671875
1 0.9125 0.04765625 0.14375 0.0671875
4 0.20078125 0.11875 0.1234375 0.103125
4 0.44921875 0.1203125 0.125 0.1
10 0.6359375 0.4375 0.1 0.0625
10 0.621875 0.0421875 0.125 0.046875
5 0.0671875 0.04296875 0.075 0.053125
5 0.05625 0.7 0.075 0.05
5 0.4125 0.52578125 0.121875 0.0453125
11 0.4375 0.659375 0.078125 0.1046875
9 0.06328125 0.5234375 0.0875 0.053125
10 0.40859375 0.9421875 0.09375 0.0625
10 0.4140625 0.7703125 0.09375 0.0625
6 0.0640625 0.9 0.0921875 0.1390625