10 0.09453125 0.9265625 0.103125 0.096875
10 0.09296875 0.79765625 0.10625 0.10625
7 0.734375 0.890625 0.115625 0.11875
1 0.9046875 0.8671875 0.10625 0.159375
12 0.0671875 0.62734375 0.05625 0.134375
3 0.18359375 0.5796875 0.090625 0.0953125
10 0.4828125 0.5140625 0.1 0.0984375
11 0.703125 0.6203125 0.1625 0.08125
5 0.93828125 0.65 0.075 0.071875
6 0.2515625 0.16015625 0.1 0.221875
3 0.39375 0.16171875 0.090625 0.0984375
3 0.5515625 0.22109375 0.090625 0.0953125
10 0.5484375 0.084375 0.1 0.103125