4 0.72734375 0.16796875 0.13125 0.084375
4 0.740625 0.29921875 0.1328125 0.0875
12 0.8671875 0.14609375 0.059375 0.08125
3 0.334375 0.30078125 0.075 0.04375
1 0.0796875 0.321875 0.084375 0.0734375
0 0.06796875 0.4703125 0.078125 0.046875
3 0.3203125 0.53984375 0.0734375 0.04375
1 0.06796875 0.5625 0.084375 0.0765625
0 0.05625 0.70859375 0.08125 0.05
6 0.73984375 0.51953125 0.1734375 0.046875
6 0.7359375 0.85546875 0.171875 0.0453125
7 0.71640625 0.615625 0.096875 0.0578125
7 0.71875 0.72578125 0.09375 0.059375
11 0.0875 0.7875 0.128125 0.0421875
11 0.0859375 0.96640625 0.121875 0.040625
5 0.34765625 0.78828125 0.0671875 0.040625
5 0.35 0.96640625 0.065625 0.0375
9 0.24375 0.96875 0.075 0.040625