3 0.8203125 0.925 0.08125 0.090625
0 0.8140625 0.75859375 0.0859375 0.096875
3 0.82265625 0.08671875 0.0875 0.0890625
4 0.4625 0.89140625 0.1484375 0.178125
12 0.684375 0.71640625 0.053125 0.1328125
8 0.6828125 0.5484375 0.065625 0.1296875
11 0.66796875 0.26796875 0.078125 0.159375
9 0.42578125 0.22421875 0.0734375 0.096875
9 0.4234375 0.09453125 0.0703125 0.0953125
1 0.26171875 0.82578125 0.140625 0.10625
4 0.2515625 0.5796875 0.15 0.1828125
3 0.22578125 0.40546875 0.0859375 0.090625
6 0.23671875 0.26796875 0.19375 0.096875