6 0.21328125 0.07578125 0.190625 0.0875
3 0.05234375 0.0734375 0.07734375 0.07578125
3 0.215625 0.321875 0.08515625 0.08203125
10 0.17578125 0.5078125 0.09609375 0.08046875
10 0.5515625 0.23671875 0.0875 0.090625
1 0.45859375 0.1015625 0.096875 0.13671875
1 0.634375 0.0953125 0.1 0.1375
4 0.85390625 0.209375 0.171875 0.140625
8 0.79609375 0.05 0.11875 0.06640625
8 0.92421875 0.0515625 0.11953125 0.06640625
11 0.7609375 0.54765625 0.14609375 0.071875
11 0.75234375 0.82890625 0.14609375 0.06875
5 0.94140625 0.5453125 0.0671875 0.065625
5 0.9421875 0.7171875 0.0703125 0.06484375
5 0.93984375 0.85390625 0.06953125 0.06484375
3 0.70859375 0.93984375 0.08515625 0.07578125
7 0.459375 0.6921875 0.10859375 0.10234375