10 0.0921875 0.84140625 0.103125 0.0875
10 0.09296875 0.7265625 0.103125 0.0875
3 0.22109375 0.79609375 0.0875 0.0828125
1 0.4390625 0.7859375 0.10625 0.1484375
7 0.4203125 0.48359375 0.1171875 0.1140625
11 0.69375 0.8421875 0.1578125 0.0765625
5 0.92109375 0.8296875 0.078125 0.075
12 0.75078125 0.596875 0.134375 0.053125
10 0.9140625 0.534375 0.1015625 0.0875
6 0.253125 0.14453125 0.096875 0.2
3 0.39375 0.14609375 0.0921875 0.0859375
3 0.54921875 0.2046875 0.0921875 0.084375
10 0.55078125 0.07421875 0.103125 0.0875