11 0.93046875 0.61328125 0.0578125 0.134375
5 0.8015625 0.46171875 0.0515625 0.06875
1 0.4828125 0.6515625 0.109375 0.090625
1 0.46953125 0.46875 0.109375 0.090625
3 0.62578125 0.46875 0.0625 0.0765625
10 0.18828125 0.88671875 0.0609375 0.0875
10 0.10078125 0.8859375 0.0671875 0.09375
10 0.175 0.6546875 0.065625 0.0875
10 0.10078125 0.6546875 0.0671875 0.0875
3 0.1359375 0.76953125 0.0625 0.078125
3 0.06328125 0.40390625 0.0625 0.078125
4 0.68671875 0.14296875 0.125 0.140625
4 0.32421875 0.14453125 0.13125 0.14375
4 0.16796875 0.1375 0.128125 0.1453125
8 0.94453125 0.20078125 0.05 0.1140625
8 0.03984375 0.1921875 0.05 0.1140625