6 0.7890625 0.909375 0.2015625 0.09375
3 0.78828125 0.78515625 0.090625 0.0953125
10 0.84453125 0.3515625 0.0875 0.1046875
10 0.73828125 0.35 0.0875 0.1015625
3 0.525 0.81640625 0.090625 0.090625
12 0.56953125 0.93203125 0.125 0.05625
7 0.50703125 0.253125 0.10625 0.121875
6 0.52890625 0.1125 0.2046875 0.1
1 0.14375 0.740625 0.1453125 0.109375
1 0.134375 0.52578125 0.1546875 0.109375
3 0.325 0.51640625 0.0875 0.0921875
5 0.33046875 0.33671875 0.071875 0.071875
11 0.0734375 0.28046875 0.0765625 0.15625