10 0.9265625 0.90859375 0.09375 0.1
10 0.7984375 0.90703125 0.1046875 0.103125
3 0.878125 0.7796875 0.09375 0.09375
1 0.86640625 0.5609375 0.1625 0.1078125
10 0.52421875 0.528125 0.0984375 0.1015625
6 0.16328125 0.7484375 0.221875 0.0984375
3 0.159375 0.6078125 0.09375 0.0890625
3 0.22734375 0.4515625 0.0953125 0.090625
10 0.0828125 0.4515625 0.103125 0.1
11 0.61484375 0.2953125 0.0875 0.1578125
5 0.6484375 0.06484375 0.084375 0.075
7 0.88984375 0.26484375 0.125 0.11875
12 0.87734375 0.07109375 0.140625 0.0625