4 0.1578125 0.3046875 0.15546875 0.13203125
4 0.3421875 0.30859375 0.1609375 0.13515625
8 0.11796875 0.17109375 0.1203125 0.06328125
12 0.4046875 0.1671875 0.13515625 0.05625
10 0.690625 0.08984375 0.07890625 0.084375
3 0.92890625 0.0796875 0.0796875 0.078125
3 0.9265625 0.56171875 0.0828125 0.07421875
1 0.9 0.26796875 0.13984375 0.09296875
1 0.90390625 0.4078125 0.1375 0.0890625
6 0.69140625 0.84453125 0.18828125 0.07890625
3 0.68515625 0.753125 0.0828125 0.07890625
10 0.87734375 0.73671875 0.09296875 0.08359375
7 0.484375 0.68515625 0.11015625 0.0984375
11 0.11640625 0.69609375 0.0765625 0.1296875
6 0.0453125 0.8375 0.06796875 0.0671875