6 0.09140625 0.7890625 0.096875 0.196875
3 0.2140625 0.78984375 0.0859375 0.084375
3 0.18359375 0.528125 0.090625 0.084375
12 0.065625 0.571875 0.05625 0.1265625
10 0.646875 0.8453125 0.096875 0.084375
10 0.646875 0.73671875 0.103125 0.090625
7 0.7484375 0.50546875 0.1125 0.10625
6 0.884375 0.53203125 0.096875 0.2
11 0.29140625 0.075 0.15625 0.075
5 0.34296875 0.27890625 0.071875 0.0703125
4 0.5328125 0.184375 0.165625 0.171875
3 0.73125 0.2625 0.090625 0.084375
1 0.74296875 0.0921875 0.10625 0.14375