3 0.1265625 0.18984375 0.075 0.0796875
3 0.2421875 0.1921875 0.07578125 0.078125
3 0.525 0.3703125 0.078125 0.07890625
3 0.70234375 0.92578125 0.071875 0.07578125
3 0.81015625 0.9265625 0.07578125 0.08046875
6 0.12578125 0.06015625 0.1734375 0.08359375
10 0.0734375 0.375 0.0796875 0.08984375
10 0.290625 0.378125 0.07890625 0.08515625
1 0.59296875 0.15390625 0.08359375 0.13203125
1 0.7578125 0.15234375 0.0921875 0.13984375
5 0.88671875 0.40390625 0.0625 0.06640625
5 0.540625 0.68125 0.059375 0.065625
8 0.95703125 0.52421875 0.05859375 0.11484375
11 0.57578125 0.50234375 0.13828125 0.07109375
1 0.578125 0.8984375 0.08984375 0.13515625
1 0.92109375 0.9109375 0.090625 0.13515625