6 0.90859375 0.2109375 0.096875 0.196875
3 0.7859375 0.21015625 0.0859375 0.084375
3 0.81640625 0.471875 0.090625 0.084375
12 0.934375 0.428125 0.05625 0.125
10 0.353125 0.1546875 0.096875 0.084375
10 0.353125 0.26328125 0.103125 0.090625
7 0.2515625 0.49453125 0.1125 0.10625
6 0.115625 0.46796875 0.096875 0.2
11 0.70859375 0.925 0.15625 0.075
5 0.65703125 0.72109375 0.071875 0.0703125
4 0.4671875 0.815625 0.165625 0.171875
3 0.26875 0.7375 0.090625 0.084375
1 0.25703125 0.9078125 0.10625 0.14375