6 0.2109375 0.090625 0.2015625 0.09296875
3 0.21171875 0.21484375 0.08984375 0.0953125
10 0.15546875 0.6484375 0.08828125 0.1046875
10 0.26171875 0.65 0.08671875 0.1015625
3 0.475 0.18359375 0.08984375 0.090625
12 0.43046875 0.06796875 0.125 0.05546875
7 0.49296875 0.746875 0.10546875 0.12109375
6 0.47109375 0.8875 0.20390625 0.10078125
1 0.85625 0.259375 0.14453125 0.109375
1 0.865625 0.47421875 0.1546875 0.10859375
3 0.675 0.48359375 0.0875 0.0921875
5 0.66953125 0.66328125 0.07109375 0.07265625
11 0.9265625 0.71953125 0.0765625 0.15703125