11 0.08125 0.14609375 0.075 0.17109375
3 0.18984375 0.1171875 0.0796875 0.09453125
3 0.184375 0.3859375 0.08046875 0.10234375
9 0.0515625 0.48671875 0.07109375 0.1015625
5 0.0515625 0.63515625 0.0703125 0.08359375
11 0.0765625 0.86328125 0.07109375 0.171875
6 0.240625 0.70234375 0.0859375 0.22890625
7 0.3859375 0.68125 0.10546875 0.12265625
4 0.534375 0.1515625 0.14921875 0.19140625
8 0.9296875 0.09140625 0.06171875 0.1421875
3 0.91875 0.34765625 0.08359375 0.096875
1 0.87109375 0.5625 0.0953125 0.1640625
1 0.92109375 0.86796875 0.0953125 0.16875