11 0.38671875 0.93046875 0.134375 0.0578125
5 0.53828125 0.8015625 0.06875 0.0515625
1 0.3484375 0.4828125 0.090625 0.109375
1 0.53125 0.46953125 0.090625 0.109375
3 0.53125 0.62578125 0.0765625 0.0625
10 0.11328125 0.18828125 0.0875 0.0609375
10 0.1140625 0.10078125 0.09375 0.0671875
10 0.3453125 0.175 0.0875 0.065625
10 0.3453125 0.10078125 0.0875 0.065625
3 0.23046875 0.1359375 0.078125 0.0625
3 0.59609375 0.06328125 0.078125 0.0625
4 0.85703125 0.68671875 0.140625 0.125
4 0.85546875 0.32421875 0.14375 0.13125
4 0.8625 0.16796875 0.1453125 0.128125
8 0.79921875 0.94453125 0.1140625 0.05
8 0.8078125 0.03984375 0.1140625 0.05