1 0.4140625 0.9234375 0.10625 0.115625
1 0.4203125 0.71328125 0.103125 0.128125
1 0.07421875 0.92265625 0.1 0.125
3 0.0828125 0.73515625 0.084375 0.0734375
3 0.4359375 0.57578125 0.0875 0.071875
3 0.7 0.2421875 0.090625 0.071875
10 0.7953125 0.3359375 0.0890625 0.078125
10 0.671875 0.3359375 0.09375 0.078125
6 0.703125 0.1296875 0.2078125 0.075
11 0.25859375 0.34375 0.075 0.121875
5 0.45 0.2703125 0.071875 0.059375
4 0.4 0.065625 0.146875 0.103125
8 0.0765625 0.36328125 0.128125 0.05625
8 0.08984375 0.04296875 0.1328125 0.0578125
3 0.58046875 0.92421875 0.090625 0.06875