1 0.2390625 0.15546875 0.0890625 0.1359375
1 0.40703125 0.15625 0.0890625 0.1375
1 0.0765625 0.909375 0.09375 0.1328125
1 0.41875 0.9 0.0875 0.1375
3 0.75703125 0.19296875 0.0765625 0.0765625
3 0.871875 0.1921875 0.075 0.08125
3 0.471875 0.36796875 0.075 0.0796875
3 0.184375 0.92890625 0.075 0.078125
3 0.2953125 0.92734375 0.075 0.0828125
10 0.70625 0.37890625 0.0796875 0.0875
10 0.92578125 0.3765625 0.0765625 0.0875
8 0.0546875 0.61640625 0.0625 0.115625
11 0.4265625 0.50078125 0.1328125 0.071875
5 0.453125 0.68046875 0.06875 0.065625
6 0.86953125 0.0609375 0.175 0.0875