8 0.94765625 0.08984375 0.059375 0.11875
8 0.94296875 0.3421875 0.059375 0.1234375
4 0.8171875 0.18671875 0.1109375 0.134375
6 0.8796875 0.58125 0.084375 0.1953125
3 0.73984375 0.58828125 0.078125 0.090625
3 0.47890625 0.9171875 0.075 0.084375
6 0.60703125 0.60234375 0.08125 0.19375
5 0.9375 0.78515625 0.065625 0.0703125
11 0.3046875 0.6109375 0.128125 0.075
5 0.36328125 0.2703125 0.0703125 0.065625
1 0.1046875 0.76640625 0.128125 0.1015625
1 0.1078125 0.92265625 0.1328125 0.1
10 0.06796875 0.2859375 0.084375 0.0875
10 0.06796875 0.4109375 0.0828125 0.0875