4 0.8984375 0.62890625 0.121875 0.1046875
4 0.6796875 0.625 0.11875 0.10625
8 0.93359375 0.48671875 0.065625 0.075
6 0.2453125 0.89296875 0.153125 0.05625
6 0.23828125 0.63671875 0.15625 0.0546875
3 0.2453125 0.76875 0.071875 0.05
10 0.35546875 0.828125 0.08125 0.05625
10 0.3546875 0.72421875 0.078125 0.0546875
10 0.7375 0.31171875 0.075 0.059375
10 0.92109375 0.31171875 0.075 0.0546875
10 0.82109375 0.2359375 0.0796875 0.059375
3 0.8296875 0.30703125 0.0703125 0.0453125
3 0.13359375 0.3859375 0.0796875 0.05625
1 0.4609375 0.40234375 0.1125 0.065625
1 0.45546875 0.07109375 0.1203125 0.0625