6 0.94140625 0.87421875 0.08125 0.1703125
3 0.80859375 0.8734375 0.0765625 0.071875
3 0.81015625 0.7578125 0.078125 0.075
3 0.4953125 0.9484375 0.075 0.0734375
3 0.45625 0.56171875 0.08125 0.075
3 0.071875 0.3 0.08125 0.071875
3 0.07421875 0.1875 0.078125 0.071875
10 0.62578125 0.9265625 0.084375 0.0765625
10 0.621875 0.7078125 0.0875 0.075
1 0.84609375 0.40859375 0.1375 0.084375
1 0.8453125 0.2421875 0.134375 0.090625
1 0.8453125 0.0640625 0.1359375 0.084375
1 0.1015625 0.4234375 0.134375 0.0890625
8 0.5953125 0.3921875 0.065625 0.10625
4 0.62421875 0.10234375 0.11875 0.121875
8 0.478125 0.04140625 0.1140625 0.0609375
11 0.50078125 0.4296875 0.071875 0.1296875
5 0.31953125 0.46015625 0.065625 0.0625
10 0.06875 0.5640625 0.09375 0.078125