10 0.065625 0.71484375 0.08125 0.0828125
10 0.065625 0.590625 0.08125 0.0828125
1 0.1 0.234375 0.13125 0.09375
1 0.10625 0.07734375 0.128125 0.0890625
11 0.30390625 0.38828125 0.1296875 0.071875
5 0.3625 0.73046875 0.0609375 0.0640625
6 0.603125 0.39921875 0.078125 0.1921875
4 0.8171875 0.8125 0.1125 0.13125
8 0.94296875 0.65703125 0.05625 0.1171875
8 0.94765625 0.9078125 0.0578125 0.121875
3 0.73828125 0.41328125 0.075 0.084375
6 0.87578125 0.4171875 0.08125 0.1875
3 0.478125 0.08359375 0.075 0.084375
5 0.93671875 0.21640625 0.0640625 0.0640625