6 0.30078125 0.13125 0.2078125 0.078125
10 0.20546875 0.33359375 0.09375 0.08125
10 0.32578125 0.3359375 0.09375 0.08125
3 0.29921875 0.2390625 0.084375 0.075
4 0.59765625 0.06640625 0.146875 0.103125
8 0.9140625 0.0421875 0.128125 0.059375
8 0.925 0.36171875 0.128125 0.0609375
11 0.740625 0.33828125 0.075 0.128125
5 0.54765625 0.27109375 0.071875 0.0609375
3 0.5625 0.57421875 0.090625 0.071875
1 0.578125 0.7125 0.10625 0.1265625
1 0.5828125 0.92109375 0.103125 0.121875
1 0.928125 0.92421875 0.1015625 0.121875
3 0.91875 0.734375 0.0875 0.0765625
3 0.421875 0.92421875 0.0921875 0.075