11 0.79765625 0.90078125 0.0484375 0.1125
11 0.79140625 0.71484375 0.046875 0.1125
1 0.4671875 0.9125 0.0640625 0.1125
1 0.278125 0.90546875 0.059375 0.109375
3 0.37890625 0.7640625 0.053125 0.0703125
5 0.63984375 0.93125 0.0453125 0.059375
5 0.57109375 0.74453125 0.046875 0.053125
4 0.8625 0.26875 0.109375 0.1171875
8 0.94296875 0.125 0.075 0.05625
8 0.746875 0.12421875 0.0796875 0.053125
3 0.60234375 0.3578125 0.0515625 0.065625
3 0.6015625 0.18984375 0.053125 0.065625
6 0.49375 0.3765625 0.05625 0.15
6 0.49375 0.19375 0.0609375 0.1515625
1 0.16796875 0.43203125 0.0640625 0.1125
1 0.07734375 0.43125 0.065625 0.115625
10 0.1703125 0.15390625 0.05625 0.075
10 0.075 0.15234375 0.05625 0.0765625