11 0.28515625 0.0453125 0.1171875 0.053125
1 0.45078125 0.07109375 0.115625 0.059375
1 0.4609375 0.4015625 0.1109375 0.059375
5 0.3203125 0.246875 0.0578125 0.03984375
3 0.13671875 0.38671875 0.07265625 0.06015625
6 0.3390625 0.50390625 0.1546875 0.05859375
10 0.35703125 0.72265625 0.084375 0.05546875
10 0.353125 0.82734375 0.07734375 0.0546875
6 0.24453125 0.89375 0.153125 0.05546875
3 0.2453125 0.7671875 0.0703125 0.05390625
3 0.79375 0.30546875 0.0703125 0.05078125
10 0.675 0.30859375 0.07734375 0.0546875
10 0.88125 0.30859375 0.07734375 0.0546875
10 0.7828125 0.23515625 0.075 0.06171875
4 0.67109375 0.62109375 0.12109375 0.10390625
4 0.89609375 0.62890625 0.12265625 0.10390625
8 0.9328125 0.48359375 0.0625 0.0765625