4 0.1015625 0.37109375 0.12109375 0.10390625
4 0.3203125 0.375 0.11875 0.10546875
8 0.06640625 0.51328125 0.06484375 0.07421875
6 0.7546875 0.10703125 0.15234375 0.05625
6 0.76171875 0.36328125 0.15703125 0.0546875
3 0.7546875 0.23125 0.071875 0.05078125
10 0.64453125 0.171875 0.08125 0.05703125
10 0.6453125 0.27578125 0.07734375 0.0546875
10 0.2625 0.68828125 0.075 0.06015625
10 0.07890625 0.68828125 0.07578125 0.0546875
10 0.17890625 0.7640625 0.0796875 0.059375
3 0.1703125 0.69296875 0.0703125 0.0453125
3 0.86640625 0.6140625 0.07890625 0.05546875
1 0.5390625 0.59765625 0.11171875 0.06640625
1 0.54453125 0.92890625 0.12109375 0.06328125