1 0.16171875 0.0875 0.07265625 0.1046875
1 0.384375 0.09140625 0.07421875 0.1046875
1 0.69609375 0.09375 0.0765625 0.10625
1 0.9203125 0.09921875 0.07890625 0.10859375
3 0.27109375 0.06875 0.0625 0.06640625
3 0.8078125 0.075 0.06328125 0.06484375
3 0.53125 0.51640625 0.06953125 0.06640625
6 0.384375 0.4421875 0.15078125 0.06875
6 0.67734375 0.44609375 0.15234375 0.0703125
4 0.82421875 0.8 0.1359375 0.115625
8 0.68828125 0.69296875 0.0921875 0.05546875
12 0.6984375 0.95078125 0.11015625 0.0453125
11 0.14765625 0.95 0.1171875 0.06015625
5 0.31875 0.94921875 0.0625 0.05390625
5 0.40703125 0.73125 0.06015625 0.05703125