4 0.0890625 0.15078125 0.1125 0.175
8 0.2046875 0.428125 0.078125 0.08125
3 0.33203125 0.10546875 0.059375 0.1
3 0.41484375 0.25390625 0.0609375 0.1
3 0.49375 0.11015625 0.05625 0.096875
3 0.103125 0.75234375 0.059375 0.103125
3 0.4703125 0.76875 0.05625 0.1015625
3 0.815625 0.32421875 0.059375 0.10625
3 0.82109375 0.6984375 0.059375 0.1
6 0.1015625 0.88984375 0.13125 0.1078125
6 0.46953125 0.9109375 0.13125 0.0984375
1 0.9328125 0.153125 0.0640625 0.171875
1 0.9328125 0.475 0.065625 0.16875
1 0.9375 0.8515625 0.06875 0.171875
11 0.58984375 0.58828125 0.0515625 0.171875
5 0.68203125 0.63203125 0.05 0.0890625