1 0.8921875 0.42578125 0.1484375 0.06875
1 0.59453125 0.42109375 0.14375 0.075
1 0.10234375 0.42734375 0.15 0.071875
1 0.08828125 0.04765625 0.14375 0.0703125
3 0.0890625 0.175 0.084375 0.059375
3 0.08671875 0.23828125 0.0828125 0.053125
3 0.0875 0.29609375 0.0890625 0.0578125
4 0.5484375 0.11796875 0.125 0.0984375
4 0.796875 0.1171875 0.1234375 0.096875
5 0.9328125 0.03828125 0.075 0.05
8 0.37890625 0.04140625 0.11875 0.05
3 0.57578125 0.2828125 0.0875 0.0578125
3 0.7921875 0.89921875 0.0828125 0.0578125
11 0.56484375 0.6578125 0.0734375 0.1
8 0.58984375 0.52265625 0.11875 0.05
9 0.934375 0.51953125 0.090625 0.05
5 0.94453125 0.69609375 0.071875 0.05
6 0.9359375 0.896875 0.0921875 0.1375
10 0.5859375 0.7703125 0.0890625 0.0625
10 0.59296875 0.940625 0.096875 0.0640625
10 0.36484375 0.43671875 0.090625 0.0625