6 0.9015625 0.87890625 0.11875 0.14375
3 0.76875 0.87734375 0.1109375 0.059375
10 0.56015625 0.95390625 0.109375 0.071875
10 0.5640625 0.7734375 0.1125 0.0703125
10 0.62109375 0.6515625 0.11875 0.0625
4 0.89296875 0.64921875 0.1625 0.0984375
8 0.5875 0.52578125 0.153125 0.05
1 0.88515625 0.36640625 0.1875 0.071875
1 0.88515625 0.26328125 0.1796875 0.06875
1 0.88125 0.16328125 0.184375 0.06875
3 0.92734375 0.04296875 0.10625 0.05625
3 0.41484375 0.44609375 0.10625 0.05625
3 0.25625 0.36171875 0.10625 0.05625
3 0.41640625 0.28125 0.1046875 0.05625
10 0.09921875 0.4328125 0.128125 0.065625
10 0.09609375 0.2859375 0.11875 0.0625
11 0.25234375 0.17734375 0.10625 0.103125
11 0.07421875 0.17734375 0.1 0.1
5 0.42578125 0.03359375 0.084375 0.05
8 0.11015625 0.03671875 0.1578125 0.05