1 0.153125 0.76171875 0.1359375 0.0890625
1 0.15390625 0.59375 0.13125 0.0875
1 0.91015625 0.921875 0.1328125 0.0828125
1 0.90234375 0.58125 0.134375 0.084375
3 0.92890625 0.815625 0.078125 0.075
3 0.9265625 0.70390625 0.078125 0.075
3 0.19140625 0.2453125 0.0796875 0.071875
3 0.19296875 0.1296875 0.0765625 0.075
3 0.36875 0.52890625 0.075 0.0734375
10 0.37890625 0.29140625 0.0890625 0.078125
10 0.375 0.07265625 0.090625 0.0765625
11 0.50078125 0.5734375 0.071875 0.128125
8 0.521875 0.95859375 0.109375 0.05625
5 0.68046875 0.54453125 0.065625 0.0640625
6 0.06171875 0.12890625 0.0875 0.175
5 0.403125 0.89140625 0.071875 0.0640625