6 0.24375 0.89375 0.15 0.0546875
6 0.23359375 0.59140625 0.1515625 0.053125
3 0.2453125 0.76796875 0.071875 0.05
10 0.346875 0.7765625 0.075 0.0546875
10 0.34765625 0.68984375 0.078125 0.0546875
11 0.4953125 0.83125 0.05625 0.090625
5 0.48984375 0.96484375 0.053125 0.040625
4 0.43359375 0.36484375 0.121875 0.10625
8 0.4421875 0.08046875 0.05625 0.078125
11 0.14140625 0.07265625 0.0578125 0.090625
5 0.14140625 0.22734375 0.053125 0.0421875
3 0.74375 0.675 0.06875 0.0546875
10 0.734375 0.3109375 0.078125 0.05625
10 0.821875 0.2359375 0.06875 0.05625
10 0.9203125 0.31171875 0.075 0.053125
3 0.8296875 0.309375 0.06875 0.053125
1 0.90546875 0.64453125 0.115625 0.0625
1 0.91953125 0.478125 0.1140625 0.0625