4 0.42421875 0.7578125 0.10625 0.11875
8 0.33203125 0.94609375 0.075 0.05625
8 0.51875 0.94296875 0.075 0.053125
3 0.6140625 0.925 0.05625 0.065625
3 0.61015625 0.82578125 0.05625 0.065625
1 0.68515625 0.90078125 0.0625 0.11875
6 0.1796875 0.24296875 0.065625 0.1609375
6 0.41328125 0.24609375 0.05625 0.1546875
10 0.29921875 0.3453125 0.05625 0.0734375
3 0.3 0.2421875 0.0578125 0.06875
1 0.71640625 0.4328125 0.0609375 0.11875
1 0.82265625 0.4296875 0.0625 0.1203125
10 0.71328125 0.15703125 0.0546875 0.08125
10 0.82578125 0.15703125 0.053125 0.0875
11 0.9703125 0.46328125 0.053125 0.115625
5 0.9703125 0.14609375 0.04375 0.06875