8 0.0796875 0.55859375 0.071875 0.05625
4 0.3625 0.56640625 0.10625 0.125
6 0.5890625 0.76875 0.059375 0.1578125
6 0.89296875 0.75703125 0.0546875 0.1578125
3 0.76640625 0.7578125 0.0546875 0.06875
3 0.67265625 0.259375 0.053125 0.075
3 0.30703125 0.17109375 0.05625 0.06875
10 0.68671875 0.65234375 0.053125 0.0859375
10 0.7765625 0.65546875 0.053125 0.075
10 0.309375 0.26953125 0.05 0.0796875
10 0.234375 0.1765625 0.059375 0.075
10 0.309375 0.0828125 0.05625 0.078125
1 0.47578125 0.08046875 0.0625 0.115625
1 0.64375 0.0921875 0.059375 0.121875
11 0.83046875 0.5046875 0.0875 0.065625
5 0.96328125 0.50859375 0.046875 0.0625