1 0.459375 0.4 0.1125 0.059375
1 0.45078125 0.06953125 0.1109375 0.059375
3 0.13671875 0.38515625 0.0640625 0.053125
3 0.2453125 0.76875 0.06875 0.0546875
3 0.82734375 0.30703125 0.071875 0.0546875
10 0.81953125 0.23359375 0.0734375 0.0625
10 0.91640625 0.309375 0.075 0.053125
10 0.7359375 0.30703125 0.075 0.05625
10 0.3515625 0.721875 0.0796875 0.053125
10 0.35234375 0.82578125 0.0734375 0.0546875
6 0.23125 0.6359375 0.1578125 0.05625
6 0.24453125 0.89453125 0.15625 0.05625
4 0.67265625 0.62265625 0.1171875 0.1
4 0.8984375 0.628125 0.11875 0.10625
8 0.93203125 0.4828125 0.0578125 0.0765625
5 0.61875 0.38671875 0.0625 0.04375