8 0.94609375 0.73359375 0.0578125 0.13125
8 0.9484375 0.86953125 0.0578125 0.128125
4 0.80546875 0.80234375 0.103125 0.15
1 0.50625 0.1875 0.115625 0.115625
3 0.66015625 0.16796875 0.071875 0.10625
11 0.41640625 0.5453125 0.115625 0.0875
5 0.48984375 0.36953125 0.059375 0.078125
5 0.4234375 0.3703125 0.05625 0.078125
5 0.35234375 0.3734375 0.059375 0.0859375
6 0.33828125 0.7828125 0.078125 0.21875
3 0.2375 0.790625 0.06875 0.090625
10 0.05390625 0.38671875 0.075 0.0953125
10 0.053125 0.53671875 0.0765625 0.09375