1 0.0703125 0.8328125 0.0640625 0.1109375
1 0.07109375 0.54921875 0.0625 0.1140625
3 0.3859375 0.8640625 0.053125 0.0734375
3 0.30234375 0.20859375 0.0546875 0.075
3 0.76640625 0.7546875 0.0515625 0.06875
10 0.23359375 0.215625 0.059375 0.06875
10 0.31015625 0.1203125 0.0546875 0.078125
10 0.72265625 0.64375 0.053125 0.08125
10 0.82734375 0.64765625 0.05625 0.08125
6 0.653125 0.75390625 0.0625 0.153125
6 0.890625 0.7578125 0.0546875 0.1578125
8 0.48359375 0.0671875 0.078125 0.059375
4 0.628125 0.10390625 0.10625 0.115625
11 0.35546875 0.409375 0.053125 0.115625
5 0.54140625 0.38125 0.046875 0.0625