1 0.8796875 0.16171875 0.184375 0.06875
1 0.88125 0.2609375 0.1859375 0.0671875
1 0.8859375 0.36640625 0.184375 0.06875
3 0.925 0.04140625 0.109375 0.05625
3 0.41796875 0.28203125 0.10625 0.0578125
3 0.25546875 0.3609375 0.103125 0.059375
3 0.41484375 0.44375 0.103125 0.05625
10 0.56953125 0.275 0.1234375 0.0625
10 0.5640625 0.040625 0.115625 0.059375
10 0.09765625 0.43359375 0.11875 0.059375
10 0.0921875 0.2859375 0.1234375 0.059375
10 0.615625 0.65234375 0.1234375 0.065625
10 0.55859375 0.7734375 0.1125 0.065625
10 0.56015625 0.953125 0.1078125 0.06875
11 0.2484375 0.175 0.096875 0.103125
11 0.07734375 0.1765625 0.0875 0.1015625
8 0.1140625 0.03671875 0.153125 0.046875
5 0.425 0.03359375 0.0953125 0.046875
8 0.58515625 0.52578125 0.15 0.04375
4 0.89296875 0.64765625 0.159375 0.0984375
3 0.77265625 0.87734375 0.10625 0.0609375
6 0.9015625 0.87890625 0.115625 0.1375