1 0.64296875 0.90625 0.059375 0.11875
1 0.4765625 0.9203125 0.0625 0.1125
10 0.309375 0.92109375 0.0546875 0.075
10 0.2359375 0.821875 0.05625 0.0671875
10 0.31015625 0.73671875 0.053125 0.0703125
3 0.30703125 0.83125 0.0484375 0.065625
3 0.67265625 0.74296875 0.05 0.065625
3 0.76640625 0.24453125 0.0515625 0.0640625
6 0.5890625 0.23203125 0.05625 0.153125
6 0.8953125 0.24609375 0.053125 0.146875
10 0.77734375 0.34375 0.053125 0.08125
10 0.6875 0.34609375 0.05625 0.075
4 0.365625 0.43515625 0.1015625 0.11875
8 0.07890625 0.43984375 0.075 0.0578125
11 0.83046875 0.4953125 0.0875 0.0578125
5 0.9640625 0.490625 0.046875 0.059375
5 0.2296875 0.14453125 0.04375 0.053125
11 0.0734375 0.140625 0.0875 0.059375