4 0.9109375 0.84921875 0.1125 0.175
8 0.7953125 0.571875 0.078125 0.08125
3 0.66796875 0.89453125 0.0609375 0.1
3 0.58515625 0.74609375 0.0609375 0.1
3 0.50625 0.88984375 0.05625 0.096875
3 0.896875 0.24765625 0.059375 0.103125
3 0.5296875 0.23125 0.05625 0.1015625
3 0.184375 0.67578125 0.059375 0.10625
3 0.17890625 0.3015625 0.059375 0.1
6 0.8984375 0.11015625 0.13125 0.1078125
6 0.53046875 0.0890625 0.13125 0.0984375
1 0.0671875 0.846875 0.0640625 0.1703125
1 0.0671875 0.525 0.065625 0.16875
1 0.0625 0.1484375 0.0703125 0.171875
11 0.41015625 0.41171875 0.0515625 0.171875
5 0.31796875 0.36796875 0.05 0.0890625