11 0.11171875 0.94609375 0.128125 0.0515625
11 0.08046875 0.7453125 0.1203125 0.0515625
5 0.33671875 0.9703125 0.059375 0.04375
1 0.09375 0.62734375 0.125 0.06875
1 0.09375 0.45078125 0.125 0.0671875
1 0.11171875 0.25859375 0.121875 0.065625
1 0.1109375 0.1203125 0.1234375 0.06875
3 0.4171875 0.6640625 0.0734375 0.05625
3 0.43984375 0.42578125 0.0703125 0.0546875
3 0.421875 0.1875 0.06875 0.059375
6 0.6171875 0.60390625 0.08125 0.13125
10 0.8296875 0.55234375 0.078125 0.059375
10 0.83125 0.6625 0.0875 0.0578125
10 0.7390625 0.459375 0.078125 0.0625
3 0.7375 0.59609375 0.071875 0.05625
4 0.80703125 0.24609375 0.10625 0.09375
8 0.93515625 0.159375 0.0625 0.08125
8 0.934375 0.06171875 0.05625 0.078125