10 0.82890625 0.3390625 0.0765625 0.05625
10 0.83125 0.4453125 0.08125 0.05625
10 0.73984375 0.5390625 0.071875 0.0625
3 0.73828125 0.40546875 0.071875 0.05625
3 0.41796875 0.33671875 0.0734375 0.05625
3 0.4421875 0.57578125 0.0703125 0.053125
3 0.425 0.8125 0.06875 0.05625
6 0.61953125 0.39609375 0.075 0.128125
1 0.09296875 0.371875 0.1203125 0.065625
1 0.0953125 0.54921875 0.11875 0.0640625
1 0.115625 0.73984375 0.1234375 0.065625
1 0.1125 0.8796875 0.121875 0.065625
11 0.08125 0.253125 0.11875 0.0484375
11 0.1109375 0.053125 0.121875 0.05
5 0.33671875 0.03046875 0.0640625 0.0421875
4 0.809375 0.753125 0.103125 0.0875
8 0.934375 0.840625 0.059375 0.0765625
8 0.93671875 0.9390625 0.0578125 0.0796875