6 0.10078125 0.93828125 0.1375 0.090625
10 0.05859375 0.59140625 0.065625 0.096875
10 0.22890625 0.5859375 0.0625 0.1
3 0.1 0.79453125 0.0625 0.0875
3 0.7140625 0.575 0.059375 0.0859375
3 0.70234375 0.0875 0.0625 0.0859375
3 0.76328125 0.0859375 0.059375 0.0859375
3 0.8234375 0.08828125 0.0625 0.090625
11 0.34140625 0.565625 0.1 0.08125
9 0.478125 0.93203125 0.0515625 0.096875
5 0.3015625 0.94609375 0.0515625 0.06875
1 0.578125 0.59765625 0.071875 0.15
1 0.57421875 0.89453125 0.0734375 0.153125
1 0.57265625 0.1015625 0.0703125 0.15
1 0.95078125 0.09375 0.071875 0.15
10 0.56171875 0.36484375 0.0625 0.09375
4 0.8828125 0.55390625 0.096875 0.1328125
4 0.88046875 0.8015625 0.1 0.1265625
8 0.4765625 0.5921875 0.05 0.1203125
8 0.95703125 0.37890625 0.053125 0.121875
5 0.95859375 0.9359375 0.053125 0.078125