3 0.075 0.29765625 0.0828125 0.078125
3 0.07265625 0.18828125 0.078125 0.0765625
3 0.49296875 0.94765625 0.0828125 0.075
3 0.453125 0.5640625 0.0828125 0.0765625
3 0.80859375 0.87265625 0.08125 0.075
3 0.81171875 0.75546875 0.084375 0.078125
10 0.621875 0.92578125 0.090625 0.078125
10 0.621875 0.70859375 0.0921875 0.08125
1 0.84375 0.40703125 0.134375 0.0875
1 0.84765625 0.24140625 0.1375 0.090625
1 0.8453125 0.0640625 0.140625 0.0875
4 0.62109375 0.10390625 0.1171875 0.121875
6 0.93828125 0.87265625 0.0875 0.1765625
1 0.10234375 0.4203125 0.134375 0.0890625
1 0.0890625 0.0765625 0.134375 0.0890625
10 0.0640625 0.565625 0.0890625 0.075
8 0.47890625 0.0421875 0.115625 0.0609375
5 0.31953125 0.45859375 0.0671875 0.0625
8 0.59296875 0.39375 0.0625 0.1078125