6 0.19609375 0.24453125 0.059375 0.1546875
6 0.4609375 0.24765625 0.06171875 0.15546875
3 0.33359375 0.24375 0.05703125 0.071875
10 0.33515625 0.34296875 0.059375 0.07578125
10 0.7953125 0.1546875 0.05859375 0.07890625
10 0.92265625 0.15234375 0.06015625 0.07421875
1 0.8015625 0.43046875 0.06328125 0.1140625
1 0.91875 0.42734375 0.0625 0.1140625
4 0.46875 0.7546875 0.11796875 0.12109375
5 0.271875 0.65078125 0.05 0.05859375
11 0.17109375 0.9296875 0.04921875 0.11484375
11 0.671875 0.909375 0.05 0.1140625
8 0.36796875 0.95 0.08203125 0.053125
8 0.5765625 0.94140625 0.07890625 0.05546875
5 0.771875 0.94921875 0.04921875 0.0578125