6 0.05859375 0.12578125 0.08125 0.1703125
3 0.19140625 0.1265625 0.0765625 0.071875
3 0.18984375 0.2421875 0.078125 0.075
3 0.5046875 0.0515625 0.075 0.0734375
3 0.54375 0.43828125 0.08125 0.075
3 0.928125 0.7 0.08125 0.071875
3 0.92578125 0.8125 0.078125 0.071875
10 0.37421875 0.0734375 0.084375 0.0765625
10 0.378125 0.2921875 0.0875 0.075
1 0.15390625 0.59140625 0.1375 0.084375
1 0.1546875 0.7578125 0.134375 0.090625
1 0.1546875 0.9359375 0.134375 0.084375
1 0.8984375 0.5765625 0.134375 0.0875
8 0.4046875 0.6078125 0.065625 0.10625
4 0.37578125 0.89765625 0.11875 0.121875
8 0.521875 0.95859375 0.1140625 0.0609375
11 0.49921875 0.5703125 0.071875 0.1296875
5 0.68046875 0.53984375 0.065625 0.0625
10 0.93125 0.4359375 0.09375 0.078125