11 0.20234375 0.09921875 0.0484375 0.1125
11 0.20859375 0.28515625 0.04609375 0.1125
1 0.5328125 0.0875 0.06328125 0.11171875
1 0.721875 0.09453125 0.06015625 0.11015625
3 0.62109375 0.2359375 0.053125 0.0703125
5 0.36015625 0.06875 0.0453125 0.05859375
5 0.42890625 0.25546875 0.046875 0.053125
4 0.1375 0.73125 0.10859375 0.11640625
8 0.05703125 0.875 0.07578125 0.05546875
8 0.253125 0.87578125 0.0796875 0.05234375
3 0.39765625 0.6421875 0.0515625 0.06640625
3 0.3984375 0.81015625 0.053125 0.065625
6 0.50625 0.6234375 0.05703125 0.14921875
6 0.50625 0.80625 0.06015625 0.1515625
1 0.83203125 0.56796875 0.06328125 0.1125
1 0.92265625 0.56875 0.065625 0.11484375
10 0.8296875 0.84609375 0.05703125 0.07578125
10 0.925 0.84765625 0.05546875 0.0765625