6 0.1953125 0.240625 0.065625 0.1546875
6 0.4609375 0.2453125 0.059375 0.153125
10 0.334375 0.3421875 0.0625 0.075
3 0.33515625 0.24296875 0.053125 0.06875
4 0.47109375 0.7609375 0.115625 0.1265625
11 0.1734375 0.928125 0.053125 0.115625
6 0.271875 0.6515625 0.0515625 0.0578125
8 0.3703125 0.9484375 0.0859375 0.0515625
8 0.5765625 0.94453125 0.0796875 0.0546875
11 0.67421875 0.9109375 0.05 0.115625
5 0.77421875 0.9546875 0.05 0.053125
1 0.80078125 0.43046875 0.065625 0.1140625
1 0.91875 0.43125 0.065625 0.1125
10 0.79609375 0.153125 0.0625 0.078125
10 0.92265625 0.153125 0.0640625 0.075