6 0.86875 0.29921875 0.08125 0.209375
3 0.7578125 0.3 0.071875 0.090625
10 0.66484375 0.2078125 0.078125 0.096875
10 0.66484375 0.3265625 0.08125 0.0984375
10 0.54453125 0.59765625 0.075 0.090625
10 0.54296875 0.71953125 0.08125 0.09375
3 0.63671875 0.69140625 0.0671875 0.0890625
3 0.0765625 0.42265625 0.071875 0.084375
3 0.053125 0.77109375 0.071875 0.09375
1 0.28984375 0.58046875 0.121875 0.109375
1 0.07890625 0.584375 0.121875 0.103125
4 0.9328125 0.596875 0.1078125 0.1515625
8 0.9578125 0.9125 0.059375 0.13125
8 0.640625 0.9234375 0.0578125 0.125
11 0.2875 0.94140625 0.1265625 0.084375
5 0.1765625 0.8390625 0.0609375 0.0765625