3 0.06640625 0.25234375 0.05625 0.090625
3 0.15234375 0.50078125 0.05625 0.09375
3 0.0640625 0.7328125 0.05625 0.090625
6 0.0625 0.490625 0.0609375 0.221875
6 0.503125 0.26015625 0.059375 0.209375
3 0.5796875 0.25234375 0.05625 0.096875
1 0.93359375 0.21796875 0.065625 0.153125
3 0.52734375 0.79140625 0.053125 0.09375
3 0.64296875 0.7953125 0.053125 0.0921875
6 0.58203125 0.9109375 0.134375 0.09375
4 0.9078125 0.709375 0.1171875 0.1703125
8 0.78125 0.90859375 0.078125 0.0734375
11 0.41171875 0.3796875 0.05 0.1609375
5 0.315625 0.6671875 0.05 0.084375