1 0.7640625 0.12109375 0.121875 0.115625
1 0.7546875 0.29921875 0.1265625 0.11875
3 0.93359375 0.39140625 0.06875 0.1
3 0.49453125 0.80078125 0.071875 0.103125
3 0.1328125 0.86171875 0.071875 0.1078125
10 0.43828125 0.61640625 0.075 0.11875
10 0.540625 0.615625 0.078125 0.115625
10 0.25 0.890625 0.084375 0.1109375
6 0.053125 0.8453125 0.075 0.240625
4 0.9 0.58359375 0.121875 0.153125
5 0.821875 0.821875 0.0625 0.0921875
11 0.7890625 0.93359375 0.128125 0.090625
8 0.91015625 0.90390625 0.059375 0.15