6 0.17109375 0.84921875 0.0546875 0.078125
6 0.28671875 0.8453125 0.05625 0.0796875
1 0.17734375 0.57265625 0.0609375 0.11875
1 0.28203125 0.57109375 0.0625 0.1125
6 0.5875 0.75625 0.0546875 0.1546875
6 0.8234375 0.75703125 0.05625 0.1546875
3 0.69921875 0.75703125 0.053125 0.0671875
10 0.70078125 0.659375 0.05625 0.08125
1 0.31328125 0.0984375 0.0609375 0.121875
3 0.3890625 0.17734375 0.053125 0.0703125
3 0.38984375 0.07265625 0.05 0.075
4 0.575 0.246875 0.1 0.115625
8 0.48203125 0.05859375 0.075 0.05625
8 0.6671875 0.05546875 0.071875 0.0578125
5 0.02734375 0.85546875 0.0421875 0.05625
11 0.0296875 0.53515625 0.04375 0.1125