1 0.09375 0.35390625 0.11640625 0.06640625
1 0.078125 0.521875 0.12109375 0.06328125
3 0.25546875 0.3265625 0.07578125 0.053125
10 0.08125 0.690625 0.0796875 0.05234375
10 0.26328125 0.690625 0.08125 0.05859375
3 0.16875 0.69375 0.0671875 0.053125
10 0.17734375 0.7625 0.0671875 0.059375
4 0.5640625 0.63828125 0.1265625 0.10546875
8 0.55859375 0.91953125 0.05703125 0.07578125
6 0.765625 0.40859375 0.15625 0.05859375
6 0.75703125 0.1046875 0.1609375 0.06015625
3 0.75390625 0.23125 0.0734375 0.0546875
10 0.65390625 0.22265625 0.07890625 0.0546875
10 0.653125 0.31015625 0.07265625 0.0546875
11 0.5046875 0.16640625 0.0625 0.08984375
5 0.5078125 0.034375 0.0578125 0.04765625