6 0.12890625 0.17109375 0.1375 0.084375
6 0.134375 0.39921875 0.13125 0.084375
3 0.10625 0.28984375 0.0625 0.075
3 0.20234375 0.2890625 0.059375 0.071875
3 0.7203125 0.4828125 0.059375 0.0703125
3 0.9359375 0.1609375 0.0625 0.071875
3 0.18984375 0.75703125 0.0578125 0.0765625
1 0.05546875 0.63984375 0.06875 0.121875
1 0.06484375 0.89609375 0.06875 0.121875
1 0.66484375 0.18828125 0.06875 0.1265625
1 0.9359375 0.4390625 0.071875 0.125
4 0.6546875 0.66015625 0.1203125 0.1296875
8 0.94609375 0.60078125 0.084375 0.0578125
11 0.72421875 0.9046875 0.05625 0.13125
5 0.9515625 0.92890625 0.053125 0.0625