11 0.203125 0.9015625 0.053125 0.115625
11 0.20625 0.71484375 0.05 0.1171875
5 0.35859375 0.9328125 0.046875 0.059375
5 0.42734375 0.74375 0.0515625 0.059375
1 0.5328125 0.91015625 0.0671875 0.115625
1 0.7203125 0.90859375 0.059375 0.115625
3 0.61953125 0.76484375 0.0515625 0.06875
6 0.50625 0.37578125 0.059375 0.1578125
6 0.50546875 0.2 0.0625 0.159375
3 0.3984375 0.35703125 0.053125 0.075
3 0.3984375 0.1953125 0.053125 0.06875
4 0.1375 0.26953125 0.1140625 0.1171875
8 0.059375 0.13046875 0.084375 0.0578125
1 0.83125 0.43515625 0.06875 0.1140625
1 0.92109375 0.43203125 0.0625 0.115625
10 0.82734375 0.15625 0.059375 0.08125
10 0.925 0.15390625 0.05625 0.078125