1 0.7640625 0.12109375 0.121875 0.11640625
1 0.7546875 0.29921875 0.1265625 0.11796875
3 0.93359375 0.39140625 0.06953125 0.1
3 0.49453125 0.80078125 0.07265625 0.10390625
3 0.1328125 0.86171875 0.071875 0.1078125
10 0.43828125 0.61640625 0.07421875 0.11796875
10 0.540625 0.615625 0.07734375 0.115625
10 0.25 0.890625 0.08359375 0.1109375
6 0.053125 0.8453125 0.075 0.23984375
4 0.9 0.58359375 0.121875 0.153125
5 0.821875 0.821875 0.06171875 0.0921875
11 0.7890625 0.93359375 0.12890625 0.08984375
8 0.91015625 0.90390625 0.06015625 0.14921875