10 0.6609375 0.82890625 0.0578125 0.0765625
10 0.5546875 0.83125 0.05625 0.08125
10 0.4609375 0.73984375 0.0625 0.071875
3 0.59453125 0.73828125 0.05625 0.071875
3 0.66328125 0.41796875 0.05625 0.0734375
3 0.42421875 0.4421875 0.053125 0.0703125
3 0.1875 0.425 0.05625 0.06875
6 0.60390625 0.61953125 0.128125 0.075
1 0.628125 0.09296875 0.065625 0.1203125
1 0.45078125 0.0953125 0.0640625 0.11875
1 0.26015625 0.115625 0.065625 0.1234375
1 0.1203125 0.1125 0.065625 0.121875
11 0.746875 0.08125 0.0484375 0.11875
11 0.946875 0.1109375 0.05 0.121875
5 0.96953125 0.33671875 0.0421875 0.0640625
4 0.246875 0.809375 0.0875 0.103125
8 0.159375 0.934375 0.0765625 0.059375
8 0.0609375 0.93671875 0.0796875 0.0578125