4 0.13671875 0.2671875 0.109375 0.121875
8 0.05703125 0.128125 0.0796875 0.05625
8 0.253125 0.121875 0.078125 0.05625
3 0.39765625 0.19296875 0.0515625 0.06875
3 0.3984375 0.35859375 0.05625 0.06875
6 0.50390625 0.19609375 0.0578125 0.153125
6 0.50546875 0.375 0.05625 0.153125
10 0.828125 0.15546875 0.05625 0.075
10 0.92421875 0.1546875 0.059375 0.078125
1 0.83125 0.43203125 0.0640625 0.115625
1 0.92265625 0.4296875 0.059375 0.1125
11 0.20625 0.71328125 0.0453125 0.11875
11 0.2015625 0.89921875 0.0484375 0.115625
5 0.4296875 0.74296875 0.0453125 0.059375
5 0.359375 0.93046875 0.046875 0.053125
3 0.61953125 0.76328125 0.053125 0.071875
1 0.5328125 0.9078125 0.0625 0.109375
1 0.7203125 0.90703125 0.0625 0.115625