1 0.35703125 0.09375 0.059375 0.11875
1 0.5234375 0.0796875 0.0625 0.1125
10 0.690625 0.07890625 0.0546875 0.075
10 0.7640625 0.178125 0.05625 0.0671875
10 0.68984375 0.26328125 0.053125 0.0703125
3 0.69296875 0.16875 0.0484375 0.065625
3 0.32734375 0.25703125 0.05 0.065625
3 0.23359375 0.75546875 0.0515625 0.0640625
6 0.4109375 0.76796875 0.05625 0.153125
6 0.1046875 0.75390625 0.053125 0.146875
10 0.22265625 0.65625 0.053125 0.08125
10 0.3125 0.65390625 0.05625 0.075
4 0.634375 0.56484375 0.1015625 0.11875
8 0.92109375 0.56015625 0.075 0.0578125
11 0.16953125 0.5046875 0.0875 0.05625
5 0.0359375 0.509375 0.046875 0.059375
5 0.7703125 0.85546875 0.04375 0.053125
11 0.9265625 0.859375 0.0875 0.059375