1 0.496875 0.18515625 0.1171875 0.103125
1 0.596875 0.403125 0.1140625 0.1046875
1 0.78984375 0.415625 0.1171875 0.1125
3 0.33828125 0.1640625 0.0640625 0.09375
3 0.14453125 0.271875 0.065625 0.090625
6 0.07265625 0.28125 0.06875 0.2140625
4 0.196875 0.80390625 0.1 0.1640625
8 0.0515625 0.7359375 0.053125 0.1296875
8 0.053125 0.86875 0.05625 0.128125
10 0.95078125 0.5359375 0.075 0.0921875
11 0.68203125 0.73828125 0.1203125 0.0828125
3 0.9453125 0.9140625 0.06875 0.096875
5 0.61875 0.9515625 0.05625 0.075