3 0.871875 0.753125 0.084375 0.0765625
6 0.871875 0.6390625 0.1828125 0.08125
1 0.9078125 0.30078125 0.0953125 0.121875
1 0.91328125 0.11171875 0.090625 0.125
1 0.67578125 0.11015625 0.0921875 0.1265625
1 0.090625 0.096875 0.090625 0.125
3 0.703125 0.4171875 0.08125 0.075
3 0.33125 0.28046875 0.0796875 0.071875
4 0.2953125 0.84609375 0.15625 0.1265625
8 0.08046875 0.634375 0.1125 0.059375
5 0.390625 0.40078125 0.078125 0.0625
5 0.2703125 0.40234375 0.0703125 0.0625
11 0.07109375 0.459375 0.075 0.128125