6 0.93828125 0.89921875 0.090625 0.1375
10 0.59140625 0.94140625 0.096875 0.065625
10 0.5859375 0.77109375 0.1 0.0625
3 0.79453125 0.9 0.0875 0.0625
3 0.575 0.2859375 0.0859375 0.059375
3 0.0875 0.29765625 0.0859375 0.0625
3 0.0859375 0.23671875 0.0859375 0.059375
3 0.08828125 0.1765625 0.090625 0.0625
11 0.565625 0.65859375 0.08125 0.1
9 0.93203125 0.521875 0.096875 0.0515625
5 0.94609375 0.6984375 0.06875 0.0515625
1 0.59765625 0.421875 0.15 0.071875
1 0.89453125 0.42578125 0.153125 0.0734375
1 0.1015625 0.42734375 0.15 0.0703125
1 0.09375 0.04921875 0.1515625 0.071875
10 0.36484375 0.43828125 0.09375 0.0625
4 0.55390625 0.1171875 0.1328125 0.096875
4 0.8015625 0.11953125 0.1265625 0.1
8 0.5921875 0.5234375 0.1203125 0.05
8 0.37890625 0.04296875 0.121875 0.053125
5 0.9359375 0.04140625 0.078125 0.053125