1 0.1671875 0.0703125 0.1109375 0.0640625
1 0.45078125 0.07109375 0.1125 0.0625
3 0.1359375 0.3859375 0.0734375 0.053125
3 0.79140625 0.30234375 0.075 0.0546875
3 0.2453125 0.76640625 0.06875 0.0515625
10 0.784375 0.23359375 0.06875 0.059375
10 0.8796875 0.31015625 0.078125 0.0546875
10 0.35625 0.72265625 0.08125 0.053125
10 0.35234375 0.82734375 0.08125 0.05625
6 0.24609375 0.653125 0.153125 0.0625
6 0.2421875 0.890625 0.15625 0.0546875
8 0.9328125 0.48359375 0.059375 0.078125
4 0.89609375 0.628125 0.115625 0.10625
11 0.590625 0.35546875 0.115625 0.053125
5 0.61875 0.54140625 0.0625 0.046875