4 0.86328125 0.7328125 0.109375 0.121875
8 0.94296875 0.871875 0.0796875 0.05625
8 0.746875 0.878125 0.078125 0.05625
3 0.60234375 0.80703125 0.0515625 0.06875
3 0.6015625 0.64140625 0.05625 0.06875
6 0.49609375 0.80390625 0.0578125 0.153125
6 0.49453125 0.625 0.05625 0.153125
10 0.171875 0.84453125 0.05625 0.075
10 0.07578125 0.8453125 0.059375 0.078125
1 0.16875 0.56796875 0.0640625 0.1171875
1 0.07734375 0.5703125 0.059375 0.1125
11 0.79375 0.28671875 0.0453125 0.11875
11 0.7984375 0.10078125 0.0484375 0.115625
5 0.5703125 0.25703125 0.0453125 0.059375
5 0.640625 0.06953125 0.046875 0.053125
3 0.38046875 0.23671875 0.053125 0.071875
1 0.4671875 0.0921875 0.0625 0.109375
1 0.2796875 0.09296875 0.0625 0.115625