6 0.10625 0.24375 0.05390625 0.15078125
6 0.40859375 0.23359375 0.053125 0.1515625
3 0.23203125 0.2453125 0.04921875 0.07109375
10 0.2234375 0.346875 0.05390625 0.075
10 0.31015625 0.34765625 0.0546875 0.07890625
11 0.16875 0.4953125 0.090625 0.05625
5 0.03515625 0.48984375 0.040625 0.053125
4 0.63515625 0.43359375 0.10625 0.12265625
8 0.91953125 0.4421875 0.07734375 0.05546875
11 0.92734375 0.14140625 0.08984375 0.0578125
5 0.77265625 0.14140625 0.0421875 0.053125
3 0.325 0.74375 0.0546875 0.06875
10 0.6890625 0.734375 0.05625 0.07734375
10 0.7640625 0.821875 0.05625 0.06953125
10 0.68828125 0.9203125 0.05234375 0.07578125
3 0.690625 0.8296875 0.05390625 0.06875
1 0.35546875 0.90546875 0.0625 0.11640625
1 0.521875 0.91953125 0.06328125 0.1140625