6 0.87109375 0.82890625 0.1375 0.084375
6 0.865625 0.60078125 0.13125 0.084375
3 0.89375 0.71015625 0.0625 0.075
3 0.79765625 0.7109375 0.059375 0.071875
3 0.2796875 0.5171875 0.059375 0.0703125
3 0.0640625 0.8390625 0.0625 0.071875
3 0.81015625 0.24296875 0.0578125 0.0765625
1 0.94453125 0.36015625 0.06875 0.121875
1 0.93515625 0.10390625 0.06875 0.121875
1 0.33515625 0.81171875 0.06875 0.1265625
1 0.0640625 0.5609375 0.071875 0.125
4 0.3453125 0.33984375 0.1203125 0.1296875
8 0.05390625 0.39921875 0.084375 0.0578125
11 0.27578125 0.0953125 0.05625 0.13125
5 0.0484375 0.07109375 0.053125 0.0625