1 0.9421875 0.9 0.071875 0.121875
1 0.7421875 0.6859375 0.0703125 0.121875
3 0.7375 0.9328125 0.0578125 0.0734375
3 0.6390625 0.64140625 0.05625 0.06875
3 0.640625 0.5234375 0.059375 0.075
3 0.64140625 0.2484375 0.0625 0.0703125
1 0.62890625 0.9046875 0.071875 0.125
1 0.5359375 0.90390625 0.071875 0.121875
4 0.50859375 0.41796875 0.096875 0.10625
8 0.35078125 0.54765625 0.0828125 0.0578125
8 0.3453125 0.23515625 0.08125 0.05625
6 0.1578125 0.93359375 0.134375 0.075
10 0.21953125 0.51953125 0.0625 0.0765625
10 0.134375 0.51953125 0.0625 0.08125
10 0.06015625 0.51796875 0.0640625 0.08125
11 0.55625 0.0859375 0.053125 0.125
11 0.484375 0.0859375 0.0515625 0.121875
11 0.40625 0.08515625 0.053125 0.125
5 0.64140625 0.0625 0.046875 0.059375