1 0.23828125 0.153125 0.0890625 0.1359375
1 0.40625 0.15390625 0.0875 0.13125
1 0.078125 0.91015625 0.0828125 0.1328125
1 0.41875 0.90234375 0.084375 0.13515625
3 0.184375 0.92890625 0.07421875 0.07890625
3 0.29609375 0.9265625 0.07421875 0.07734375
3 0.7546875 0.19140625 0.07265625 0.0796875
3 0.8703125 0.19296875 0.07578125 0.0765625
3 0.47109375 0.36875 0.0734375 0.075
10 0.70859375 0.37890625 0.078125 0.0890625
10 0.92734375 0.375 0.0765625 0.08984375
11 0.4265625 0.50078125 0.128125 0.071875
8 0.04140625 0.521875 0.05625 0.11015625
5 0.45546875 0.68046875 0.0640625 0.06484375
6 0.87109375 0.06171875 0.175 0.0875
5 0.10859375 0.403125 0.0640625 0.071875