4 0.89765625 0.3703125 0.11875 0.1046875
4 0.67578125 0.375 0.11875 0.0984375
8 0.9328125 0.5140625 0.05625 0.06875
3 0.8296875 0.69296875 0.065625 0.053125
10 0.92109375 0.6890625 0.071875 0.053125
10 0.734375 0.68984375 0.075 0.053125
10 0.8234375 0.765625 0.0703125 0.053125
10 0.35234375 0.17265625 0.075 0.0515625
10 0.35234375 0.2765625 0.075 0.0515625
3 0.24375 0.23203125 0.0671875 0.0515625
3 0.13984375 0.61328125 0.06875 0.05
1 0.4625 0.6 0.109375 0.059375
1 0.4515625 0.93046875 0.1125 0.059375
6 0.24609375 0.1046875 0.15 0.059375
6 0.23671875 0.3640625 0.15 0.05625
5 0.62109375 0.61015625 0.0578125 0.0453125