4 0.18828125 0.8171875 0.13359375 0.109375
8 0.09140625 0.946875 0.11796875 0.05703125
8 0.34296875 0.94296875 0.11484375 0.05703125
6 0.64296875 0.6 0.18671875 0.08046875
3 0.64921875 0.7390625 0.078125 0.078125
3 0.915625 0.478125 0.07734375 0.075
6 0.6375 0.8796875 0.190625 0.08203125
11 0.6125 0.30546875 0.06796875 0.13125
5 0.26953125 0.3625 0.0640625 0.06328125
10 0.28671875 0.06796875 0.08671875 0.08515625
10 0.40859375 0.06484375 0.08125 0.0828125
1 0.765625 0.1015625 0.09296875 0.1296875
1 0.925 0.10625 0.09453125 0.12890625