1 0.296875 0.09296875 0.07109375 0.11875
1 0.44140625 0.0859375 0.06875 0.1140625
4 0.10625 0.64140625 0.10625 0.1
4 0.11171875 0.88125 0.10078125 0.1
10 0.4546875 0.328125 0.0625 0.078125
10 0.265625 0.4921875 0.0703125 0.07265625
8 0.478125 0.47109375 0.08671875 0.0546875
6 0.65859375 0.6671875 0.140625 0.07734375
6 0.7484375 0.9109375 0.14296875 0.07109375
6 0.5421875 0.91015625 0.14140625 0.07734375
3 0.6609375 0.778125 0.0625 0.06640625
11 0.88046875 0.0828125 0.05078125 0.11796875
11 0.94609375 0.0828125 0.05546875 0.11796875
5 0.6375 0.228125 0.046875 0.06484375