6 0.0984375 0.12109375 0.11875 0.14375
3 0.23125 0.12265625 0.1109375 0.059375
10 0.43984375 0.04609375 0.10859375 0.07109375
10 0.4359375 0.2265625 0.11171875 0.0703125
10 0.37890625 0.3484375 0.11875 0.06328125
4 0.10703125 0.35078125 0.1625 0.0984375
8 0.4125 0.47421875 0.153125 0.05
1 0.11484375 0.63359375 0.1875 0.07109375
1 0.11484375 0.73671875 0.1796875 0.06875
1 0.11875 0.83671875 0.184375 0.06875
3 0.07265625 0.95703125 0.10703125 0.05703125
3 0.58515625 0.55390625 0.10703125 0.05625
3 0.74375 0.63828125 0.10703125 0.05625
3 0.58359375 0.71875 0.1046875 0.05625
10 0.90078125 0.5671875 0.12734375 0.06484375
10 0.90390625 0.7140625 0.11953125 0.0625
11 0.74765625 0.82265625 0.10625 0.103125
11 0.92578125 0.82265625 0.1 0.10078125
5 0.57421875 0.96640625 0.084375 0.04921875
8 0.88984375 0.96328125 0.1578125 0.05