6 0.10703125 0.18828125 0.053125 0.16875
6 0.3453125 0.18984375 0.05625 0.16328125
3 0.2328125 0.18984375 0.05078125 0.06796875
10 0.1734375 0.3078125 0.0515625 0.0828125
10 0.2765625 0.30625 0.05078125 0.078125
3 0.61171875 0.07421875 0.05078125 0.07578125
1 0.59921875 0.4234375 0.059375 0.11875
11 0.953125 0.23671875 0.04609375 0.1203125
1 0.93046875 0.41328125 0.05703125 0.12421875
5 0.74921875 0.2734375 0.040625 0.0578125
4 0.375 0.65 0.1015625 0.1265625
4 0.37109375 0.88828125 0.10234375 0.1234375
8 0.51484375 0.92890625 0.071875 0.05859375
10 0.68984375 0.6515625 0.053125 0.08125
10 0.765625 0.76796875 0.05625 0.0765625
10 0.690625 0.8765625 0.053125 0.0796875
3 0.69296875 0.775 0.04765625 0.07109375