1 0.76171875 0.846875 0.0890625 0.1359375
1 0.59375 0.84609375 0.0875 0.13125
1 0.921875 0.08984375 0.0828125 0.1328125
1 0.58125 0.09765625 0.084375 0.134375
3 0.815625 0.07109375 0.075 0.078125
3 0.70390625 0.0734375 0.075 0.078125
3 0.2453125 0.80859375 0.071875 0.0796875
3 0.1296875 0.80703125 0.0765625 0.0765625
3 0.52890625 0.63125 0.0734375 0.075
10 0.29140625 0.62109375 0.078125 0.0890625
10 0.07265625 0.625 0.0765625 0.090625
11 0.5734375 0.49921875 0.128125 0.071875
8 0.95859375 0.478125 0.05625 0.109375
5 0.54453125 0.31953125 0.0640625 0.065625
6 0.12890625 0.93828125 0.175 0.0875
5 0.89140625 0.596875 0.0640625 0.071875