10 0.3390625 0.17109375 0.05703125 0.0765625
10 0.4453125 0.16875 0.05546875 0.08046875
10 0.5390625 0.26015625 0.06328125 0.071875
3 0.40546875 0.26171875 0.05703125 0.07265625
3 0.33671875 0.58203125 0.05625 0.0734375
3 0.57578125 0.5578125 0.05390625 0.0703125
3 0.8125 0.575 0.05546875 0.06875
6 0.39609375 0.38046875 0.12734375 0.07578125
1 0.371875 0.90703125 0.06484375 0.1203125
1 0.54921875 0.9046875 0.0640625 0.11953125
1 0.73984375 0.884375 0.065625 0.1234375
1 0.8796875 0.8875 0.06484375 0.12109375
11 0.253125 0.91875 0.0484375 0.11875
11 0.053125 0.8890625 0.05078125 0.12109375
5 0.03046875 0.66328125 0.0421875 0.0640625
4 0.753125 0.190625 0.08671875 0.10234375
8 0.840625 0.065625 0.0765625 0.059375
8 0.9390625 0.06328125 0.0796875 0.0578125