1 0.846875 0.92734375 0.11875 0.0625
1 0.55 0.93125 0.11875 0.0625
1 0.53984375 0.5984375 0.1125 0.0625
3 0.865625 0.6140625 0.071875 0.053125
6 0.76796875 0.4125 0.15 0.059375
6 0.75546875 0.10625 0.1578125 0.05625
10 0.65546875 0.31328125 0.078125 0.059375
10 0.653125 0.2234375 0.075 0.053125
3 0.75625 0.234375 0.0671875 0.0546875
11 0.50234375 0.17109375 0.0625 0.090625
5 0.50625 0.0359375 0.0671875 0.04375
4 0.328125 0.3796875 0.128125 0.1078125
4 0.10546875 0.3703125 0.128125 0.103125
10 0.26796875 0.69140625 0.0765625 0.05625
10 0.08125 0.69140625 0.078125 0.053125
10 0.1796875 0.765625 0.075 0.059375
3 0.171875 0.69375 0.0671875 0.0546875
8 0.06796875 0.5171875 0.05625 0.075