6 0.825 0.7578125 0.0546875 0.153125
6 0.58828125 0.75625 0.0515625 0.15625
3 0.70078125 0.75703125 0.05 0.0671875
10 0.7015625 0.6578125 0.0515625 0.071875
10 0.28671875 0.846875 0.05 0.075
10 0.17265625 0.846875 0.0515625 0.075
1 0.28203125 0.571875 0.05625 0.109375
1 0.17578125 0.56953125 0.059375 0.1140625
4 0.57734375 0.24375 0.0984375 0.11875
8 0.6703125 0.053125 0.071875 0.05
8 0.484375 0.05625 0.071875 0.053125
3 0.390625 0.1765625 0.0484375 0.06875
3 0.3921875 0.07890625 0.0515625 0.0625
1 0.31171875 0.1 0.059375 0.1140625
5 0.03125 0.85390625 0.0421875 0.0578125
11 0.03125 0.53828125 0.04375 0.1140625