11 0.9546875 0.28515625 0.053125 0.1171875
1 0.92890625 0.45078125 0.059375 0.115625
1 0.5984375 0.4609375 0.059375 0.1109375
5 0.753125 0.3203125 0.040625 0.0578125
3 0.61328125 0.13671875 0.059375 0.071875
6 0.49609375 0.3390625 0.059375 0.1546875
10 0.27734375 0.35703125 0.05625 0.084375
10 0.17265625 0.353125 0.0546875 0.078125
6 0.10625 0.24453125 0.05625 0.153125
3 0.2328125 0.2453125 0.053125 0.0703125
3 0.69453125 0.79375 0.05 0.0703125
10 0.69140625 0.675 0.0546875 0.078125
10 0.69140625 0.88125 0.0546875 0.078125
10 0.76484375 0.7828125 0.0625 0.075
4 0.37890625 0.67109375 0.103125 0.121875
4 0.37109375 0.89609375 0.103125 0.121875
8 0.51640625 0.9328125 0.0765625 0.0625