4 0.36796875 0.10078125 0.10234375 0.11796875
8 0.51484375 0.0671875 0.0703125 0.06015625
5 0.45859375 0.38046875 0.04453125 0.0578125
11 0.64609375 0.40859375 0.04609375 0.1140625
10 0.69140625 0.11796875 0.053125 0.075
10 0.765625 0.21484375 0.05625 0.06640625
3 0.69140625 0.20625 0.053125 0.065625
3 0.2328125 0.75546875 0.05 0.06484375
3 0.61171875 0.8625 0.05 0.0671875
10 0.17265625 0.64765625 0.053125 0.07734375
10 0.275 0.6453125 0.05390625 0.0765625
6 0.10625 0.75234375 0.05546875 0.15390625
6 0.34609375 0.7515625 0.05234375 0.1515625
1 0.93046875 0.5484375 0.06171875 0.1140625
1 0.9296875 0.83125 0.05703125 0.1171875