11 0.9015625 0.796875 0.115625 0.053125
11 0.71484375 0.79375 0.1171875 0.05
5 0.9328125 0.64140625 0.059375 0.046875
5 0.74375 0.57265625 0.059375 0.0515625
1 0.91015625 0.4671875 0.115625 0.0671875
1 0.90859375 0.2796875 0.115625 0.0609375
3 0.76484375 0.38046875 0.06875 0.0515625
6 0.37578125 0.49375 0.1578125 0.059375
6 0.2 0.49453125 0.159375 0.0625
3 0.35703125 0.6015625 0.075 0.053125
3 0.1953125 0.6015625 0.06875 0.053125
4 0.26953125 0.8625 0.1171875 0.1140625
8 0.13046875 0.940625 0.0578125 0.084375
1 0.43515625 0.16875 0.1140625 0.06875
1 0.43203125 0.07890625 0.1140625 0.0625
10 0.15625 0.17265625 0.08125 0.059375
10 0.15390625 0.075 0.0796875 0.0578125