1 0.90546875 0.14140625 0.128125 0.071875
1 0.896875 0.371875 0.1265625 0.0796875
10 0.9171875 0.25390625 0.0875 0.065625
3 0.53359375 0.409375 0.071875 0.0625
3 0.4734375 0.57734375 0.0796875 0.0625
6 0.634375 0.40859375 0.08125 0.146875
1 0.09921875 0.14140625 0.125 0.071875
1 0.08984375 0.371875 0.128125 0.0765625
1 0.11328125 0.25546875 0.0828125 0.065625
10 0.1125 0.25234375 0.0859375 0.0703125
6 0.38515625 0.58984375 0.0796875 0.153125
11 0.92578125 0.69765625 0.065625 0.1171875
11 0.92734375 0.91875 0.075 0.109375
5 0.56015625 0.9484375 0.06875 0.0578125
4 0.20703125 0.83046875 0.134375 0.128125
8 0.07578125 0.696875 0.059375 0.09375
8 0.06484375 0.928125 0.059375 0.090625