3 0.25234375 0.93359375 0.090625 0.05625
3 0.50078125 0.84765625 0.09375 0.05625
3 0.7328125 0.9359375 0.090625 0.05625
6 0.490625 0.9375 0.221875 0.0609375
6 0.26015625 0.496875 0.209375 0.059375
3 0.25234375 0.4203125 0.096875 0.05625
1 0.21796875 0.06640625 0.153125 0.065625
3 0.79140625 0.47265625 0.09375 0.053125
3 0.7953125 0.35703125 0.0921875 0.053125
6 0.9109375 0.41796875 0.09375 0.134375
4 0.709375 0.0921875 0.1703125 0.1171875
8 0.90859375 0.21875 0.0734375 0.078125
11 0.3796875 0.58828125 0.1609375 0.05
5 0.6671875 0.684375 0.084375 0.05