11 0.90078125 0.20234375 0.1125 0.0484375
11 0.71484375 0.20859375 0.1125 0.046875
1 0.9125 0.5328125 0.1125 0.0625
1 0.90546875 0.721875 0.109375 0.0609375
3 0.7640625 0.62109375 0.0703125 0.053125
5 0.93125 0.36015625 0.059375 0.0453125
5 0.74453125 0.42890625 0.053125 0.046875
4 0.26875 0.1375 0.115625 0.109375
8 0.125 0.05703125 0.05625 0.075
8 0.12421875 0.253125 0.053125 0.0796875
3 0.3578125 0.39765625 0.065625 0.0515625
3 0.18984375 0.3984375 0.065625 0.053125
6 0.3765625 0.50625 0.15 0.05625
6 0.19375 0.50625 0.1515625 0.059375
1 0.43203125 0.83203125 0.1125 0.0625
1 0.43125 0.92265625 0.115625 0.065625
10 0.15390625 0.8296875 0.075 0.05625
10 0.15234375 0.925 0.0765625 0.05625