3 0.57734375 0.921875 0.0875 0.075
3 0.225 0.946875 0.090625 0.071875
1 0.4203125 0.7125 0.10625 0.121875
1 0.415625 0.92265625 0.1015625 0.121875
6 0.7 0.1328125 0.20625 0.0765625
10 0.79453125 0.334375 0.0984375 0.0796875
10 0.67421875 0.3359375 0.09375 0.078125
3 0.70234375 0.24296875 0.0875 0.071875
3 0.3078125 0.36484375 0.084375 0.06875
10 0.40234375 0.45703125 0.0984375 0.0734375
10 0.28125 0.45703125 0.0984375 0.078125
4 0.4 0.06796875 0.14375 0.1
8 0.07578125 0.36328125 0.128125 0.059375
8 0.08671875 0.0421875 0.1296875 0.0515625
11 0.05625 0.71484375 0.0796875 0.1234375
5 0.15859375 0.8234375 0.071875 0.0609375