6 0.05859375 0.12734375 0.0828125 0.1703125
3 0.190625 0.12734375 0.0796875 0.0734375
3 0.190625 0.24296875 0.0796875 0.07421875
3 0.36953125 0.52734375 0.07734375 0.07421875
3 0.9265625 0.70078125 0.07734375 0.06953125
3 0.925 0.8125 0.0765625 0.07734375
10 0.375 0.07421875 0.08984375 0.08203125
10 0.378125 0.29140625 0.08671875 0.08203125
1 0.15234375 0.59140625 0.13515625 0.09296875
1 0.15390625 0.7578125 0.1359375 0.08671875
5 0.4 0.88515625 0.06484375 0.05625
5 0.68046875 0.5421875 0.06328125 0.065625
11 0.49921875 0.5703125 0.07265625 0.13125
8 0.52421875 0.9578125 0.1171875 0.06171875