10 0.28515625 0.065625 0.0828125 0.08046875
10 0.409375 0.065625 0.08203125 0.08046875
1 0.765625 0.1 0.09296875 0.13125
1 0.92265625 0.10625 0.0890625 0.12890625
11 0.61171875 0.30390625 0.07109375 0.1296875
5 0.26953125 0.3625 0.0640625 0.0609375
6 0.60078125 0.603125 0.1921875 0.07890625
4 0.1875 0.8171875 0.13046875 0.1125
8 0.34296875 0.94296875 0.11796875 0.05703125
8 0.0921875 0.94765625 0.12265625 0.0578125
3 0.58671875 0.73828125 0.084375 0.07578125
6 0.5828125 0.87578125 0.18671875 0.08046875
3 0.91640625 0.478125 0.084375 0.07578125
5 0.78359375 0.93671875 0.0640625 0.0640625