1 0.153125 0.07265625 0.11875 0.06171875
1 0.45 0.06875 0.11953125 0.06328125
1 0.46015625 0.4015625 0.11328125 0.0625
3 0.134375 0.3859375 0.071875 0.05234375
6 0.23203125 0.5875 0.14921875 0.059375
6 0.24453125 0.89375 0.1578125 0.05703125
10 0.34453125 0.68671875 0.07734375 0.05859375
10 0.346875 0.7765625 0.075 0.05234375
3 0.24375 0.765625 0.0671875 0.0546875
11 0.49765625 0.82890625 0.0625 0.09140625
5 0.49375 0.9640625 0.0671875 0.04296875
4 0.671875 0.6203125 0.12734375 0.1078125
4 0.89453125 0.6296875 0.12734375 0.10234375
10 0.73203125 0.30859375 0.07578125 0.05625
10 0.91875 0.30859375 0.07734375 0.05234375
10 0.8203125 0.234375 0.075 0.05859375
3 0.828125 0.30625 0.0671875 0.0546875
8 0.93203125 0.4828125 0.05546875 0.07421875