4 0.89921875 0.36796875 0.11875 0.103125
8 0.9328125 0.51484375 0.059375 0.0703125
5 0.61953125 0.45859375 0.0578125 0.04375
11 0.59140625 0.64609375 0.1140625 0.046875
10 0.88203125 0.69140625 0.075 0.053125
10 0.78515625 0.765625 0.065625 0.05625
3 0.79375 0.69140625 0.065625 0.053125
3 0.24453125 0.2328125 0.065625 0.05
3 0.1375 0.61171875 0.0671875 0.05
10 0.35234375 0.17265625 0.078125 0.053125
10 0.3546875 0.275 0.0765625 0.053125
6 0.24765625 0.10625 0.153125 0.05625
6 0.2484375 0.34609375 0.1515625 0.053125
1 0.4515625 0.93046875 0.1140625 0.0625
1 0.16875 0.9296875 0.1171875 0.05625