6 0.12109375 0.9015625 0.14375 0.11875
3 0.12265625 0.76875 0.059375 0.1109375
10 0.04609375 0.56015625 0.071875 0.109375
10 0.2265625 0.5640625 0.0703125 0.1125
10 0.3484375 0.62109375 0.0625 0.11875
4 0.35078125 0.89296875 0.0984375 0.1625
8 0.47421875 0.5875 0.05 0.153125
1 0.63359375 0.88515625 0.071875 0.1875
1 0.73671875 0.88515625 0.06875 0.1796875
1 0.83671875 0.88125 0.06875 0.184375
3 0.95703125 0.92734375 0.05625 0.10625
3 0.55390625 0.41484375 0.05625 0.10625
3 0.63828125 0.25625 0.05625 0.10625
3 0.71875 0.41640625 0.05625 0.1046875
10 0.5671875 0.09921875 0.065625 0.128125
10 0.7140625 0.09609375 0.0625 0.11875
11 0.82265625 0.25234375 0.103125 0.10625
11 0.82265625 0.07421875 0.1 0.1
5 0.96640625 0.42578125 0.05 0.084375
8 0.96328125 0.11015625 0.05 0.1578125