1 0.57421875 0.8921875 0.06875 0.1484375
1 0.57890625 0.59453125 0.075 0.14375
1 0.57265625 0.10234375 0.071875 0.15
1 0.95234375 0.08828125 0.0703125 0.14375
3 0.825 0.0890625 0.0609375 0.084375
3 0.76171875 0.08671875 0.053125 0.0828125
3 0.70390625 0.0875 0.0578125 0.0890625
4 0.88203125 0.5484375 0.0984375 0.125
4 0.8828125 0.796875 0.096875 0.1234375
5 0.96171875 0.9328125 0.05 0.075
8 0.95859375 0.37890625 0.05 0.11875
3 0.7171875 0.57578125 0.0578125 0.0875
3 0.10078125 0.7921875 0.0578125 0.0828125
11 0.3421875 0.56484375 0.1 0.0734375
8 0.47734375 0.58984375 0.05 0.11875
9 0.48046875 0.934375 0.05 0.090625
5 0.30390625 0.94453125 0.05 0.071875
6 0.103125 0.9359375 0.1390625 0.0921875
10 0.2296875 0.5859375 0.0625 0.0890625
10 0.059375 0.59296875 0.0640625 0.096875
10 0.56328125 0.36484375 0.0625 0.090625