6 0.8390625 0.7875 0.11875 0.10625
10 0.8703125 0.46484375 0.053125 0.109375
10 0.7609375 0.46484375 0.053125 0.1078125
10 0.48125 0.4859375 0.053125 0.1125
10 0.340625 0.4859375 0.0546875 0.1125
10 0.74921875 0.2484375 0.05625 0.109375
10 0.6859375 0.2484375 0.053125 0.109375
3 0.89375 0.6640625 0.053125 0.0984375
3 0.76875 0.6609375 0.053125 0.0984375
3 0.4703125 0.6875 0.053125 0.0953125
3 0.34609375 0.68359375 0.053125 0.096875
3 0.1453125 0.65078125 0.053125 0.0953125
6 0.41875 0.8125 0.1203125 0.103125
1 0.0453125 0.74296875 0.0578125 0.1671875
1 0.04921875 0.48203125 0.0625 0.16875
11 0.928125 0.28125 0.0890625 0.0921875
5 0.86953125 0.0578125 0.04375 0.0796875
8 0.80546875 0.10859375 0.0421875 0.1390625