6 0.06171875 0.10078125 0.08984375 0.13828125
10 0.40859375 0.05859375 0.096875 0.065625
10 0.4140625 0.22890625 0.1 0.06328125
3 0.20546875 0.1 0.08828125 0.0625
3 0.425 0.7140625 0.0859375 0.05859375
3 0.9125 0.70234375 0.0859375 0.06171875
3 0.9140625 0.76328125 0.0859375 0.05859375
3 0.91171875 0.8234375 0.08984375 0.0625
11 0.434375 0.34140625 0.08125 0.10078125
9 0.06796875 0.478125 0.096875 0.0515625
5 0.05390625 0.3015625 0.06875 0.0515625
1 0.40234375 0.578125 0.14921875 0.07265625
1 0.10546875 0.57421875 0.15234375 0.0734375
1 0.8984375 0.57265625 0.14921875 0.0703125
1 0.90625 0.95078125 0.15078125 0.071875
10 0.63515625 0.56171875 0.09453125 0.0625
4 0.44609375 0.8828125 0.1328125 0.09765625
4 0.1984375 0.88046875 0.1265625 0.1
8 0.4078125 0.4765625 0.1203125 0.05
8 0.62109375 0.95703125 0.12265625 0.05234375
5 0.0640625 0.95859375 0.07734375 0.053125