1 0.571875 0.09765625 0.06875 0.14375
1 0.9515625 0.0890625 0.0671875 0.146875
3 0.7015625 0.0890625 0.0625 0.0921875
3 0.82421875 0.0875 0.059375 0.0828125
8 0.54921875 0.375 0.04375 0.121875
8 0.9625 0.3859375 0.0453125 0.11875
4 0.671875 0.45859375 0.096875 0.125
4 0.86953125 0.45703125 0.0984375 0.128125
10 0.21328125 0.65703125 0.0671875 0.090625
10 0.3203125 0.6515625 0.065625 0.0890625
1 0.06171875 0.89453125 0.06875 0.14375
1 0.14453125 0.8953125 0.071875 0.146875
6 0.39921875 0.9046875 0.1375 0.0921875
6 0.6109375 0.903125 0.134375 0.090625
3 0.50546875 0.8046875 0.05625 0.084375
10 0.959375 0.646875 0.059375 0.09375
11 0.86875 0.94296875 0.103125 0.075
5 0.96328125 0.81875 0.053125 0.071875