10 0.75390625 0.6859375 0.115625 0.05625
10 0.75546875 0.7484375 0.11875 0.05625
10 0.51171875 0.48203125 0.115625 0.0546875
10 0.51328125 0.3390625 0.109375 0.05625
10 0.53515625 0.759375 0.115625 0.05625
10 0.5375 0.86875 0.1125 0.05625
3 0.35078125 0.14296875 0.1 0.053125
3 0.315625 0.346875 0.103125 0.053125
3 0.31328125 0.4703125 0.096875 0.05
3 0.34140625 0.7671875 0.09375 0.0484375
3 0.3359375 0.89140625 0.103125 0.0578125
1 0.52109375 0.04765625 0.1703125 0.0625
1 0.25625 0.04453125 0.175 0.059375
6 0.190625 0.415625 0.103125 0.121875
6 0.2109375 0.83828125 0.109375 0.1203125
8 0.89453125 0.803125 0.1375 0.040625
11 0.71875 0.9265625 0.0921875 0.0921875
5 0.93984375 0.8671875 0.0875 0.04375