10 0.6859375 0.24609375 0.05546875 0.11484375
10 0.7484375 0.24453125 0.05546875 0.11875
10 0.48203125 0.48828125 0.0546875 0.115625
10 0.3390625 0.48671875 0.05546875 0.109375
10 0.759375 0.46484375 0.05546875 0.11640625
10 0.86875 0.4625 0.05703125 0.11328125
3 0.14296875 0.64921875 0.053125 0.09921875
3 0.346875 0.684375 0.053125 0.103125
3 0.4703125 0.68671875 0.05078125 0.09609375
3 0.7671875 0.65859375 0.0484375 0.09296875
3 0.89140625 0.6640625 0.0578125 0.10234375
1 0.04765625 0.47890625 0.0625 0.1703125
1 0.04453125 0.74375 0.05859375 0.17421875
6 0.415625 0.809375 0.12109375 0.103125
6 0.83828125 0.7890625 0.1203125 0.11015625
8 0.803125 0.10546875 0.03984375 0.13828125
11 0.9265625 0.28125 0.09140625 0.0921875
5 0.8671875 0.06015625 0.04375 0.08671875