1 0.84453125 0.2390625 0.1359375 0.0890625
1 0.84375 0.40703125 0.1375 0.0890625
1 0.090625 0.0765625 0.1328125 0.09375
1 0.1 0.41875 0.1375 0.0875
3 0.80703125 0.75703125 0.0765625 0.0765625
3 0.8078125 0.871875 0.08125 0.075
3 0.63203125 0.471875 0.0796875 0.075
3 0.07109375 0.184375 0.078125 0.075
3 0.07265625 0.2953125 0.0828125 0.075
10 0.62109375 0.70625 0.0875 0.0796875
10 0.6234375 0.92578125 0.0875 0.0765625
8 0.38359375 0.0546875 0.115625 0.0625
11 0.49921875 0.4265625 0.071875 0.1328125
5 0.31953125 0.453125 0.065625 0.06875
6 0.9390625 0.86953125 0.0875 0.175