1 0.0484375 0.47890625 0.05859375 0.17109375
1 0.0453125 0.7453125 0.059375 0.1640625
3 0.14453125 0.6484375 0.05234375 0.096875
3 0.346875 0.68515625 0.05078125 0.10078125
3 0.46953125 0.68828125 0.0515625 0.103125
3 0.76796875 0.6609375 0.05 0.10078125
10 0.33828125 0.484375 0.053125 0.10859375
10 0.48203125 0.484375 0.0546875 0.11328125
10 0.68515625 0.24453125 0.053125 0.11484375
10 0.75 0.24609375 0.053125 0.11328125
10 0.8171875 0.24375 0.059375 0.10859375
1 0.5890625 0.14921875 0.0625 0.165625
6 0.415625 0.81171875 0.12109375 0.10546875
8 0.596875 0.76953125 0.04296875 0.13515625
10 0.76015625 0.46328125 0.053125 0.11796875
5 0.85234375 0.43515625 0.0484375 0.08359375
11 0.92734375 0.81171875 0.0921875 0.090625