1 0.90703125 0.296875 0.11875 0.071875
1 0.9140625 0.44140625 0.1140625 0.06875
4 0.35859375 0.10625 0.1 0.10625
4 0.11875 0.11171875 0.1 0.1
10 0.671875 0.4546875 0.078125 0.0625
10 0.5078125 0.265625 0.071875 0.0703125
8 0.52890625 0.478125 0.0546875 0.0875
6 0.3328125 0.65859375 0.078125 0.140625
6 0.0890625 0.7484375 0.071875 0.14375
6 0.08984375 0.5421875 0.078125 0.140625
3 0.221875 0.6609375 0.065625 0.0625
11 0.9171875 0.88046875 0.11875 0.0515625
11 0.9171875 0.94609375 0.11875 0.05625
5 0.771875 0.6375 0.065625 0.046875