8 0.33046875 0.05234375 0.07109375 0.0546875
8 0.5171875 0.05546875 0.06796875 0.0546875
4 0.421875 0.24296875 0.1 0.1171875
3 0.60859375 0.07578125 0.053125 0.06796875
3 0.609375 0.17578125 0.0484375 0.06640625
1 0.6875 0.0984375 0.05703125 0.11328125
1 0.71875 0.5671875 0.05703125 0.11328125
1 0.82421875 0.5703125 0.05703125 0.11328125
6 0.17421875 0.7578125 0.053125 0.1515625
6 0.41015625 0.7546875 0.05703125 0.1515625
10 0.29921875 0.65703125 0.05390625 0.0734375
10 0.7140625 0.8484375 0.05390625 0.07734375
10 0.8265625 0.84765625 0.053125 0.075
3 0.30078125 0.75703125 0.0484375 0.0671875
11 0.9703125 0.53671875 0.04375 0.1171875
5 0.9703125 0.85390625 0.0421875 0.05546875