1 0.25625 0.04375 0.18359375 0.06484375
1 0.52265625 0.04765625 0.1796875 0.059375
1 0.85 0.58828125 0.16796875 0.0640625
3 0.353125 0.1453125 0.11796875 0.053125
3 0.31953125 0.346875 0.10625 0.05859375
3 0.31796875 0.47109375 0.115625 0.05234375
3 0.34140625 0.7671875 0.1140625 0.0546875
10 0.51484375 0.33984375 0.11953125 0.0609375
10 0.5140625 0.48046875 0.11796875 0.05703125
10 0.75390625 0.684375 0.1140625 0.059375
10 0.75703125 0.7484375 0.11953125 0.05546875
10 0.753125 0.81875 0.11953125 0.05703125
10 0.5375 0.76015625 0.115625 0.06015625
6 0.18828125 0.415625 0.1140625 0.12421875
8 0.2296875 0.59921875 0.13671875 0.04609375
11 0.18359375 0.9265625 0.10078125 0.08984375
5 0.56015625 0.853125 0.09375 0.05234375