6 0.05703125 0.128125 0.084375 0.175
1 0.1546875 0.5921875 0.1359375 0.09140625
1 0.153125 0.7578125 0.13515625 0.08671875
3 0.36875 0.5265625 0.08203125 0.07734375
3 0.1890625 0.12578125 0.0796875 0.075
3 0.18984375 0.240625 0.0796875 0.07421875
3 0.92578125 0.70234375 0.07890625 0.07265625
3 0.93046875 0.8171875 0.08359375 0.08515625
1 0.89921875 0.57890625 0.1328125 0.08984375
11 0.50078125 0.57109375 0.0671875 0.13046875
5 0.68046875 0.53984375 0.0578125 0.06171875
8 0.615625 0.9453125 0.1125 0.0578125
10 0.37421875 0.071875 0.08671875 0.0765625
10 0.37890625 0.29140625 0.08984375 0.0796875