1 0.92265625 0.42734375 0.065625 0.11875
1 0.83046875 0.43359375 0.0625 0.1140625
1 0.721875 0.9046875 0.0640625 0.1109375
1 0.53359375 0.909375 0.0625 0.115625
10 0.92734375 0.153125 0.059375 0.078125
10 0.828125 0.15625 0.059375 0.071875
3 0.62109375 0.7625 0.053125 0.06875
6 0.50625 0.19453125 0.065625 0.1578125
6 0.50625 0.37265625 0.059375 0.15625
3 0.39921875 0.19375 0.05625 0.071875
3 0.39921875 0.35859375 0.05625 0.0671875
4 0.1359375 0.26875 0.1125 0.11875
8 0.2578125 0.1203125 0.08125 0.05625
8 0.05859375 0.128125 0.078125 0.05625
11 0.2078125 0.71328125 0.05 0.11875
11 0.203125 0.8984375 0.046875 0.1171875
5 0.359375 0.9328125 0.05 0.059375
5 0.4296875 0.74296875 0.0453125 0.05625