1 0.4203125 0.89765625 0.0890625 0.1375
1 0.0796875 0.909375 0.0890625 0.134375
3 0.29921875 0.92734375 0.075 0.08125
3 0.18359375 0.9265625 0.071875 0.08125
11 0.43046875 0.50078125 0.128125 0.071875
8 0.04140625 0.525 0.059375 0.1140625
5 0.4578125 0.68203125 0.0625 0.06875
10 0.9265625 0.3765625 0.078125 0.090625
10 0.70703125 0.37734375 0.075 0.0875
3 0.87421875 0.19296875 0.0765625 0.078125
3 0.75859375 0.19140625 0.071875 0.0765625
3 0.47421875 0.3703125 0.071875 0.08125
6 0.87421875 0.06015625 0.1734375 0.0859375
1 0.40703125 0.15546875 0.0875 0.1375
1 0.2421875 0.15625 0.0875 0.134375
5 0.11328125 0.40234375 0.0625 0.06875