1 0.90625 0.64609375 0.115625 0.0671875
1 0.921875 0.478125 0.121875 0.0640625
3 0.74453125 0.6734375 0.075 0.053125
10 0.91875 0.309375 0.0796875 0.053125
10 0.73671875 0.309375 0.08125 0.059375
3 0.83125 0.30625 0.0671875 0.053125
10 0.82265625 0.2375 0.0671875 0.059375
4 0.4359375 0.36171875 0.1265625 0.10625
8 0.44140625 0.08046875 0.05625 0.075
6 0.234375 0.59140625 0.15625 0.059375
6 0.24296875 0.8953125 0.1609375 0.059375
3 0.24609375 0.76875 0.0734375 0.0546875
10 0.34609375 0.77734375 0.078125 0.0546875
10 0.346875 0.68984375 0.0734375 0.0546875
11 0.4953125 0.83359375 0.0625 0.090625
5 0.4921875 0.965625 0.0578125 0.046875