11 0.07265625 0.86171875 0.090625 0.0640625
5 0.2265625 0.85703125 0.040625 0.0578125
4 0.3640625 0.56875 0.103125 0.11875
8 0.0796875 0.559375 0.071875 0.05625
6 0.58671875 0.76875 0.05625 0.1578125
6 0.89375 0.75703125 0.0546875 0.1578125
3 0.7671875 0.7546875 0.05625 0.071875
3 0.30546875 0.17109375 0.05625 0.0703125
3 0.67265625 0.259375 0.053125 0.078125
10 0.68671875 0.6578125 0.0515625 0.08125
10 0.7765625 0.65546875 0.053125 0.075
10 0.23359375 0.18046875 0.059375 0.075
10 0.31015625 0.2671875 0.0546875 0.071875
10 0.31171875 0.08125 0.059375 0.078125
1 0.47734375 0.07734375 0.0625 0.11875
1 0.6421875 0.0921875 0.0609375 0.1171875