6 0.759375 0.1953125 0.1546875 0.065625
6 0.7546875 0.4609375 0.15234375 0.059375
10 0.6578125 0.334375 0.075 0.06171875
3 0.75703125 0.33515625 0.06796875 0.05390625
4 0.2390625 0.47109375 0.1265625 0.11484375
11 0.071875 0.1734375 0.11484375 0.053125
6 0.3484375 0.271875 0.0578125 0.0515625
8 0.0515625 0.3703125 0.0515625 0.0859375
8 0.05546875 0.5765625 0.0546875 0.0796875
11 0.0890625 0.67421875 0.11484375 0.05
5 0.0453125 0.77421875 0.053125 0.05078125
1 0.56953125 0.80078125 0.1140625 0.06640625
1 0.56875 0.91875 0.1125 0.065625
10 0.846875 0.79609375 0.07734375 0.06171875
10 0.846875 0.92265625 0.075 0.0640625