6 0.75546875 0.19609375 0.1546875 0.059375
6 0.75234375 0.4609375 0.15625 0.0625
3 0.75625 0.33359375 0.071875 0.05625
10 0.65703125 0.33515625 0.075 0.059375
10 0.8453125 0.7953125 0.078125 0.059375
10 0.84765625 0.92265625 0.075 0.059375
1 0.56953125 0.8015625 0.1140625 0.0625
1 0.57265625 0.91875 0.1140625 0.0625
4 0.2453125 0.46875 0.121875 0.11875
5 0.34921875 0.271875 0.059375 0.05
11 0.0703125 0.17109375 0.115625 0.05
11 0.090625 0.671875 0.1140625 0.05
8 0.05 0.36796875 0.053125 0.08125
8 0.05859375 0.5765625 0.05625 0.078125
5 0.05078125 0.771875 0.0578125 0.05