6 0.82734375 0.22109375 0.08125 0.1375
6 0.6015625 0.13359375 0.078125 0.1375
6 0.60078125 0.29765625 0.078125 0.134375
3 0.7125 0.103125 0.071875 0.05625
3 0.72109375 0.2953125 0.0734375 0.059375
3 0.2390625 0.1859375 0.06875 0.0625
3 0.5140625 0.721875 0.071875 0.059375
3 0.83984375 0.934375 0.0734375 0.0625
1 0.36015625 0.0578125 0.125 0.0703125
1 0.35625 0.3171875 0.1265625 0.06875
1 0.10078125 0.065625 0.125 0.065625
1 0.8140625 0.66640625 0.125 0.0671875
1 0.559375 0.9359375 0.121875 0.06875
5 0.27890625 0.57890625 0.065625 0.053125
11 0.3234375 0.73984375 0.125 0.053125
4 0.23203125 0.89453125 0.13125 0.1234375
8 0.39296875 0.94453125 0.059375 0.084375