6 0.10390625 0.2453125 0.0546875 0.15234375
6 0.3453125 0.24609375 0.05546875 0.14921875
3 0.23125 0.2453125 0.05390625 0.06484375
10 0.1734375 0.35390625 0.05390625 0.075
10 0.27734375 0.35390625 0.0546875 0.075
3 0.61171875 0.1359375 0.05078125 0.06484375
1 0.93046875 0.16796875 0.06484375 0.11484375
1 0.9296875 0.45234375 0.06015625 0.11171875
11 0.6453125 0.5890625 0.04609375 0.11328125
5 0.45703125 0.61953125 0.0453125 0.0578125
4 0.371875 0.9 0.10390625 0.12109375
8 0.51484375 0.93359375 0.07734375 0.05546875
3 0.69296875 0.79453125 0.05390625 0.065625
10 0.6890625 0.88203125 0.05546875 0.0765625
10 0.7640625 0.7859375 0.05546875 0.071875