6 0.10703125 0.24453125 0.05625 0.1484375
6 0.41015625 0.23359375 0.05390625 0.15078125
3 0.23125 0.24609375 0.0515625 0.07265625
10 0.22265625 0.3453125 0.05234375 0.07421875
10 0.3140625 0.34765625 0.0546875 0.0765625
11 0.1703125 0.49453125 0.0875 0.0578125
5 0.03671875 0.490625 0.0453125 0.05625
3 0.85078125 0.409375 0.0546875 0.0671875
6 0.9265625 0.390625 0.0546875 0.15390625
11 0.9265625 0.14296875 0.08671875 0.0578125
5 0.77265625 0.1453125 0.040625 0.053125
8 0.64375 0.6 0.07578125 0.06328125
4 0.80078125 0.653125 0.1015625 0.1234375
3 0.3265625 0.74296875 0.05234375 0.0640625
1 0.35625 0.90546875 0.06015625 0.11171875
1 0.52265625 0.91953125 0.06015625 0.1140625
10 0.6890625 0.73359375 0.0546875 0.07265625
10 0.7640625 0.8234375 0.05859375 0.0703125
10 0.6875 0.91796875 0.05625 0.08046875
3 0.69296875 0.82890625 0.04921875 0.0671875