5 0.3609375 0.06015625 0.0484375 0.065625
11 0.44453125 0.08515625 0.0484375 0.1234375
11 0.51640625 0.0875 0.046875 0.12265625
11 0.5921875 0.08515625 0.04765625 0.11953125
3 0.359375 0.246875 0.05703125 0.0734375
3 0.35859375 0.52421875 0.0609375 0.071875
3 0.36015625 0.6390625 0.0578125 0.071875
3 0.26171875 0.93046875 0.05703125 0.0703125
1 0.3703125 0.90234375 0.06875 0.11953125
1 0.4640625 0.9015625 0.06875 0.121875
1 0.25703125 0.68515625 0.06953125 0.1234375
1 0.05859375 0.90078125 0.06875 0.121875
10 0.78046875 0.51953125 0.059375 0.08125
10 0.86328125 0.52109375 0.06015625 0.07890625
10 0.940625 0.51953125 0.06171875 0.08515625
10 0.48984375 0.4171875 0.09375 0.103125
8 0.65390625 0.234375 0.08203125 0.0578125
8 0.65 0.54609375 0.084375 0.05546875
6 0.84375 0.934375 0.13671875 0.07734375