6 0.69921875 0.86875 0.2078125 0.078125
10 0.79453125 0.66640625 0.09375 0.08125
10 0.67421875 0.6640625 0.09375 0.08125
3 0.70078125 0.7609375 0.084375 0.075
4 0.40234375 0.93359375 0.1484375 0.103125
8 0.0859375 0.9578125 0.128125 0.059375
8 0.075 0.63828125 0.128125 0.0609375
11 0.259375 0.66171875 0.0765625 0.128125
5 0.45234375 0.72890625 0.071875 0.0609375
3 0.4375 0.42578125 0.090625 0.071875
1 0.421875 0.2875 0.10625 0.1265625
1 0.4171875 0.07890625 0.103125 0.121875
1 0.071875 0.07578125 0.1015625 0.121875
3 0.08125 0.265625 0.0875 0.0765625
3 0.578125 0.07578125 0.0921875 0.075