3 0.42265625 0.078125 0.08828125 0.075
3 0.775 0.053125 0.090625 0.071875
1 0.5796875 0.2875 0.10703125 0.121875
1 0.584375 0.07734375 0.10078125 0.121875
6 0.3 0.8671875 0.20625 0.0765625
10 0.20546875 0.665625 0.0984375 0.0796875
10 0.32578125 0.6640625 0.09453125 0.07890625
3 0.29765625 0.75703125 0.0875 0.07109375
3 0.6921875 0.63515625 0.084375 0.06875
10 0.59765625 0.54296875 0.0984375 0.0734375
10 0.71875 0.54296875 0.0984375 0.07734375
4 0.6 0.93203125 0.14375 0.09921875
8 0.92421875 0.63671875 0.12890625 0.05859375
8 0.91328125 0.9578125 0.12890625 0.0515625
11 0.94375 0.28515625 0.0796875 0.1234375
5 0.84140625 0.1765625 0.07265625 0.0609375