4 0.3703125 0.10234375 0.1046875 0.11953125
4 0.375 0.32421875 0.0984375 0.11796875
8 0.5140625 0.0671875 0.06953125 0.05546875
3 0.69296875 0.1703125 0.05234375 0.06484375
10 0.6890625 0.07890625 0.05234375 0.071875
10 0.68984375 0.265625 0.05390625 0.075
10 0.765625 0.1765625 0.05390625 0.0703125
10 0.17265625 0.64765625 0.0515625 0.075
10 0.2765625 0.64765625 0.0515625 0.07578125
3 0.23203125 0.75625 0.0515625 0.0671875
3 0.61328125 0.86015625 0.05078125 0.06796875
1 0.6 0.5375 0.05859375 0.109375
1 0.93046875 0.5484375 0.05859375 0.11328125
6 0.1046875 0.75390625 0.059375 0.15078125
6 0.3640625 0.76328125 0.05625 0.15078125
5 0.61015625 0.37890625 0.0453125 0.0578125