1 0.35546875 0.09140625 0.0625 0.109375
1 0.52265625 0.07890625 0.05625 0.109375
6 0.4109375 0.76796875 0.053125 0.153125
6 0.1046875 0.7546875 0.053125 0.1484375
10 0.2234375 0.65390625 0.0515625 0.078125
10 0.3140625 0.653125 0.0546875 0.075
3 0.23203125 0.75546875 0.05 0.065625
3 0.85078125 0.59140625 0.0484375 0.065625
6 0.9265625 0.61015625 0.05625 0.15
11 0.1703125 0.50390625 0.0875 0.0578125
5 0.03671875 0.5078125 0.05 0.05625
3 0.325 0.25703125 0.0515625 0.065625
3 0.69375 0.16953125 0.0484375 0.065625
10 0.69140625 0.0796875 0.0515625 0.075
10 0.690625 0.2640625 0.05 0.071875
10 0.76484375 0.1765625 0.05625 0.06875
4 0.80078125 0.3453125 0.096875 0.11875
11 0.928125 0.85625 0.0875 0.0578125
5 0.7734375 0.85546875 0.04375 0.053125
8 0.6421875 0.39921875 0.071875 0.0625