6 0.1609375 0.2125 0.11875 0.10625
10 0.1296875 0.53515625 0.053125 0.109375
10 0.2390625 0.53515625 0.053125 0.1078125
10 0.51875 0.5140625 0.053125 0.1125
10 0.659375 0.5140625 0.0546875 0.1125
10 0.25078125 0.7515625 0.05625 0.109375
10 0.3140625 0.7515625 0.053125 0.109375
3 0.10625 0.3359375 0.053125 0.0984375
3 0.23125 0.3390625 0.053125 0.0984375
3 0.5296875 0.3125 0.053125 0.0953125
3 0.65390625 0.31640625 0.053125 0.096875
3 0.8546875 0.34921875 0.053125 0.0953125
6 0.58125 0.1875 0.11875 0.103125
1 0.9546875 0.25703125 0.0578125 0.1671875
1 0.95078125 0.51796875 0.0625 0.16875
11 0.071875 0.71875 0.0890625 0.0921875
5 0.13046875 0.9421875 0.04375 0.0796875
8 0.19453125 0.89140625 0.040625 0.1390625