6 0.8921875 0.75625 0.059375 0.1515625
6 0.58984375 0.76640625 0.05625 0.15
3 0.7671875 0.75546875 0.0546875 0.0671875
3 0.38828125 0.86328125 0.0515625 0.065625
1 0.0734375 0.84609375 0.0578125 0.1109375
1 0.40078125 0.53984375 0.059375 0.1125
1 0.0703125 0.5484375 0.0671875 0.1140625
10 0.7765625 0.6546875 0.0515625 0.08125
10 0.68828125 0.65390625 0.0515625 0.0734375
11 0.8328125 0.5046875 0.084375 0.0609375
5 0.9640625 0.50859375 0.046875 0.053125
4 0.625 0.325 0.103125 0.11875
4 0.63125 0.10390625 0.10625 0.11875
8 0.484375 0.06640625 0.0703125 0.05625
10 0.31015625 0.26484375 0.05625 0.071875
10 0.234375 0.17734375 0.053125 0.0671875
10 0.30859375 0.07890625 0.053125 0.078125
3 0.30703125 0.1703125 0.05 0.065625