11 0.13828125 0.07265625 0.0640625 0.090625
5 0.14296875 0.2265625 0.0578125 0.04140625
4 0.43125 0.3640625 0.11953125 0.103125
8 0.440625 0.0796875 0.05703125 0.07109375
6 0.23125 0.58671875 0.1578125 0.05703125
6 0.24296875 0.89375 0.1578125 0.0546875
3 0.2453125 0.7671875 0.071875 0.05546875
3 0.82890625 0.30546875 0.0703125 0.05546875
3 0.740625 0.67265625 0.07734375 0.05234375
10 0.3421875 0.68671875 0.08125 0.0515625
10 0.34453125 0.7765625 0.075 0.05234375
10 0.81953125 0.23359375 0.07578125 0.05859375
10 0.7328125 0.31015625 0.071875 0.0546875
10 0.91875 0.31171875 0.07890625 0.05859375
1 0.92265625 0.47734375 0.11875 0.06328125
1 0.9078125 0.6421875 0.1171875 0.0609375