6 0.15390625 0.05234375 0.246875 0.08203125
3 0.14140625 0.13359375 0.10625 0.07265625
10 0.10859375 0.25078125 0.10625 0.08359375
10 0.37890625 0.4390625 0.11484375 0.07890625
10 0.38046875 0.54375 0.121875 0.07421875
3 0.1953125 0.49453125 0.11015625 0.07265625
1 0.7 0.7578125 0.121875 0.1265625
1 0.87734375 0.76640625 0.12421875 0.1265625
3 0.60546875 0.93359375 0.1046875 0.06875
4 0.41328125 0.89921875 0.15234375 0.12109375
11 0.06640625 0.790625 0.09609375 0.12578125
5 0.1765625 0.82265625 0.0859375 0.06171875
8 0.09453125 0.91171875 0.14765625 0.05546875