1 0.07734375 0.57265625 0.065625 0.1203125
1 0.16953125 0.56640625 0.0625 0.1140625
1 0.278125 0.0953125 0.0640625 0.1109375
1 0.46640625 0.090625 0.0625 0.115625
10 0.07265625 0.846875 0.059375 0.078125
10 0.171875 0.84375 0.059375 0.071875
3 0.37890625 0.2375 0.053125 0.06875
6 0.49375 0.80546875 0.065625 0.1578125
6 0.49375 0.62734375 0.059375 0.15625
3 0.60078125 0.80625 0.05625 0.071875
3 0.60078125 0.64140625 0.05625 0.0671875
4 0.8640625 0.73125 0.1125 0.1203125
8 0.7421875 0.8796875 0.08125 0.05625
8 0.94140625 0.871875 0.078125 0.05625
11 0.7921875 0.28671875 0.05 0.11875
11 0.796875 0.1015625 0.046875 0.1171875
5 0.640625 0.0671875 0.05 0.059375
5 0.5703125 0.25703125 0.0453125 0.05625