8 0.44140625 0.0796875 0.05546875 0.07265625
4 0.43359375 0.3625 0.12421875 0.10703125
6 0.23125 0.5890625 0.1578125 0.059375
6 0.24296875 0.89296875 0.1578125 0.0546875
3 0.2421875 0.76640625 0.06953125 0.0546875
3 0.740625 0.67265625 0.075 0.05234375
3 0.82890625 0.30703125 0.06796875 0.05546875
10 0.34765625 0.68671875 0.0859375 0.05390625
10 0.34453125 0.7765625 0.075 0.05234375
10 0.73046875 0.309375 0.0796875 0.05078125
10 0.8234375 0.234375 0.075 0.059375
10 0.9171875 0.309375 0.07734375 0.05625
1 0.91953125 0.47578125 0.115625 0.06328125
1 0.9078125 0.64375 0.121875 0.059375
11 0.4953125 0.83046875 0.06484375 0.0875
5 0.49140625 0.96328125 0.06171875 0.04609375