1 0.6 0.459375 0.059375 0.1125
1 0.93046875 0.45078125 0.059375 0.1109375
3 0.61484375 0.13671875 0.053125 0.0640625
3 0.23125 0.2453125 0.0546875 0.06875
3 0.69296875 0.82734375 0.0546875 0.071875
10 0.76640625 0.81953125 0.0625 0.0734375
10 0.690625 0.91640625 0.053125 0.0765625
10 0.69296875 0.7359375 0.05625 0.075
10 0.278125 0.3515625 0.053125 0.0796875
10 0.17421875 0.35234375 0.0546875 0.0734375
6 0.3640625 0.23125 0.05625 0.1578125
6 0.10546875 0.24453125 0.05625 0.15625
4 0.37734375 0.67265625 0.1 0.1171875
4 0.371875 0.8984375 0.10625 0.11875
8 0.5171875 0.93203125 0.0765625 0.0578125
5 0.61328125 0.61875 0.04375 0.0625