6 0.15078125 0.17109375 0.078125 0.0546875
6 0.1546875 0.28671875 0.0796875 0.05625
1 0.42734375 0.17734375 0.11875 0.0609375
1 0.42890625 0.28203125 0.1125 0.0625
6 0.24375 0.5875 0.1546875 0.0546875
6 0.24296875 0.8234375 0.15625 0.05625
3 0.24296875 0.69921875 0.0671875 0.053125
10 0.340625 0.70078125 0.08125 0.05625
1 0.9015625 0.31328125 0.121875 0.0609375
3 0.82265625 0.3890625 0.0703125 0.053125
3 0.92734375 0.38984375 0.075 0.05
4 0.753125 0.575 0.115625 0.1
8 0.94140625 0.48203125 0.05625 0.075
8 0.94453125 0.6671875 0.0578125 0.071875
5 0.14453125 0.02734375 0.05625 0.0421875
11 0.46484375 0.0296875 0.1125 0.04375