1 0.42734375 0.07734375 0.11953125 0.06640625
1 0.43359375 0.16953125 0.1140625 0.06328125
1 0.9046875 0.278125 0.1109375 0.0640625
1 0.909375 0.46640625 0.11484375 0.0625
10 0.153125 0.07265625 0.07734375 0.05859375
10 0.15625 0.171875 0.07265625 0.06015625
3 0.7625 0.37890625 0.06953125 0.05390625
6 0.19453125 0.49375 0.1578125 0.06640625
6 0.37265625 0.49375 0.15703125 0.059375
3 0.19375 0.60078125 0.07265625 0.05625
3 0.35859375 0.60078125 0.0671875 0.05546875
4 0.26875 0.8640625 0.11953125 0.1125
8 0.1203125 0.7421875 0.05546875 0.08046875
8 0.128125 0.94140625 0.05703125 0.078125
11 0.71328125 0.7921875 0.11953125 0.05
11 0.8984375 0.796875 0.1171875 0.04765625
5 0.9328125 0.640625 0.059375 0.04921875
5 0.74296875 0.5703125 0.05546875 0.0453125