6 0.05234375 0.84609375 0.08125 0.246875
3 0.13359375 0.85859375 0.071875 0.10625
10 0.25078125 0.89140625 0.084375 0.10625
10 0.4390625 0.62109375 0.078125 0.115625
10 0.54375 0.61953125 0.075 0.121875
3 0.49453125 0.8046875 0.071875 0.109375
1 0.7578125 0.3 0.1265625 0.121875
1 0.76640625 0.12265625 0.1265625 0.125
3 0.93359375 0.39453125 0.06875 0.1046875
4 0.89921875 0.58671875 0.121875 0.153125
11 0.790625 0.93359375 0.125 0.096875
5 0.82265625 0.8234375 0.0625 0.0859375
8 0.91171875 0.90546875 0.05625 0.146875