6 0.75546875 0.10703125 0.1484375 0.05625
6 0.76640625 0.41015625 0.15 0.053125
3 0.75390625 0.23125 0.071875 0.0515625
10 0.6546875 0.22265625 0.075 0.053125
10 0.65234375 0.3140625 0.0765625 0.0546875
11 0.50546875 0.1703125 0.0578125 0.0875
5 0.509375 0.03671875 0.05625 0.0453125
3 0.590625 0.85078125 0.0671875 0.0546875
6 0.609375 0.9265625 0.153125 0.0546875
11 0.85703125 0.9265625 0.0578125 0.0875
5 0.8546875 0.77265625 0.053125 0.040625
8 0.4 0.64375 0.0625 0.075
4 0.346875 0.80078125 0.1234375 0.1015625
3 0.25703125 0.3265625 0.0640625 0.053125
1 0.09453125 0.35625 0.1125 0.059375
1 0.08046875 0.52265625 0.1140625 0.059375
10 0.26640625 0.6890625 0.071875 0.0546875
10 0.1765625 0.7640625 0.0703125 0.059375
10 0.08203125 0.6875 0.08125 0.05625
3 0.17109375 0.69296875 0.0671875 0.05