6 0.2421875 0.825 0.153125 0.0546875
6 0.24375 0.58828125 0.15625 0.0515625
3 0.24296875 0.70078125 0.0671875 0.05
10 0.3421875 0.7015625 0.071875 0.0515625
10 0.153125 0.28671875 0.075 0.05
10 0.153125 0.17265625 0.075 0.0515625
1 0.428125 0.28203125 0.109375 0.05625
1 0.43046875 0.17578125 0.1140625 0.059375
4 0.75625 0.57734375 0.11875 0.0984375
8 0.946875 0.6703125 0.05 0.071875
8 0.94375 0.484375 0.053125 0.071875
3 0.8234375 0.390625 0.06875 0.046875
3 0.92109375 0.3921875 0.0625 0.0515625
1 0.9 0.31171875 0.1140625 0.059375
5 0.14609375 0.03125 0.0578125 0.040625
11 0.46171875 0.03125 0.1140625 0.04375