1 0.0765625 0.4140625 0.115625 0.10625
1 0.28671875 0.4203125 0.128125 0.103125
1 0.07734375 0.07421875 0.125 0.1
3 0.26484375 0.0828125 0.0734375 0.084375
3 0.42421875 0.4359375 0.071875 0.0875
3 0.7578125 0.7 0.071875 0.090625
10 0.6640625 0.7953125 0.078125 0.0890625
10 0.6640625 0.671875 0.078125 0.09375
6 0.8703125 0.703125 0.075 0.2078125
11 0.65625 0.25859375 0.121875 0.075
5 0.7296875 0.45 0.059375 0.071875
4 0.934375 0.4 0.103125 0.146875
8 0.63671875 0.0765625 0.05625 0.128125
8 0.95703125 0.08984375 0.0578125 0.13125
3 0.07578125 0.58046875 0.06875 0.0921875