1 0.5859375 0.0765625 0.10546875 0.11640625
1 0.5796875 0.28671875 0.10234375 0.12734375
1 0.92578125 0.07734375 0.1 0.12578125
3 0.9171875 0.26484375 0.084375 0.0734375
3 0.5640625 0.42421875 0.08671875 0.07109375
3 0.3 0.7578125 0.090625 0.07265625
10 0.2046875 0.6640625 0.0890625 0.07890625
10 0.328125 0.6640625 0.09453125 0.078125
6 0.296875 0.8703125 0.2078125 0.075
11 0.74140625 0.65625 0.07421875 0.121875
5 0.55 0.7296875 0.07265625 0.06015625
4 0.6 0.934375 0.14765625 0.10234375
8 0.9234375 0.63671875 0.12890625 0.05625
8 0.91015625 0.95703125 0.13203125 0.0578125
3 0.41953125 0.07578125 0.09140625 0.06953125