1 0.1671875 0.0703125 0.1109375 0.0640625
1 0.45078125 0.07109375 0.11328125 0.06328125
3 0.1359375 0.3859375 0.0734375 0.05234375
3 0.79140625 0.30234375 0.07578125 0.0546875
3 0.2453125 0.76640625 0.06796875 0.0515625
10 0.784375 0.23359375 0.06953125 0.05859375
10 0.8796875 0.31015625 0.07734375 0.0546875
10 0.35625 0.72265625 0.08125 0.053125
10 0.35234375 0.82734375 0.08125 0.05625
6 0.24609375 0.653125 0.15390625 0.06171875
6 0.2421875 0.890625 0.15703125 0.0546875
8 0.9328125 0.48359375 0.059375 0.078125
4 0.89609375 0.628125 0.11640625 0.10703125
11 0.590625 0.35546875 0.11484375 0.05390625
5 0.61875 0.54140625 0.0625 0.04609375