1 0.0921875 0.35703125 0.1140625 0.0625
1 0.07890625 0.521875 0.11484375 0.0671875
3 0.25703125 0.32578125 0.07265625 0.05234375
3 0.16953125 0.69296875 0.0703125 0.0515625
10 0.08203125 0.69140625 0.07734375 0.053125
10 0.265625 0.69140625 0.07890625 0.053125
10 0.1796875 0.765625 0.07578125 0.0578125
4 0.34375 0.8 0.1234375 0.10703125
8 0.39609375 0.64453125 0.053125 0.07578125
6 0.7546875 0.10546875 0.15625 0.0578125
6 0.7640625 0.40859375 0.15859375 0.059375
3 0.75390625 0.23046875 0.06953125 0.0546875
10 0.6546875 0.3109375 0.07578125 0.05625
10 0.65234375 0.2234375 0.07890625 0.053125
11 0.50390625 0.16875 0.06484375 0.09296875
5 0.5109375 0.0359375 0.0609375 0.0484375
3 0.58984375 0.8515625 0.0703125 0.05234375
6 0.60703125 0.92734375 0.16796875 0.059375
11 0.85625 0.92734375 0.0640625 0.08828125
5 0.8546875 0.775 0.0625 0.0515625