8 0.91015625 0.94765625 0.11875 0.059375
8 0.6578125 0.94296875 0.1234375 0.059375
4 0.81328125 0.8171875 0.134375 0.1109375
6 0.41875 0.8796875 0.1953125 0.084375
3 0.41171875 0.73984375 0.0890625 0.078125
3 0.0828125 0.47890625 0.084375 0.075
6 0.39765625 0.60703125 0.19375 0.08125
5 0.21484375 0.9375 0.0703125 0.065625
11 0.3890625 0.3046875 0.0765625 0.128125
5 0.7296875 0.36328125 0.065625 0.0703125
1 0.23359375 0.1046875 0.1015625 0.128125
1 0.07734375 0.1078125 0.1 0.1328125
10 0.7140625 0.06796875 0.0875 0.084375
10 0.5890625 0.06796875 0.0875 0.0828125