6 0.1046875 0.24296875 0.059375 0.15234375
6 0.409375 0.234375 0.053125 0.15625
3 0.23203125 0.2453125 0.0546875 0.07109375
10 0.22265625 0.34375 0.05859375 0.0796875
10 0.31171875 0.346875 0.05859375 0.075
4 0.63671875 0.4328125 0.1015625 0.11875
8 0.9171875 0.44140625 0.07265625 0.0578125
11 0.16953125 0.49609375 0.0859375 0.059375
5 0.0359375 0.49140625 0.04375 0.05703125
3 0.32578125 0.74609375 0.05078125 0.06796875
1 0.35546875 0.90703125 0.06015625 0.11171875
1 0.5234375 0.9203125 0.06171875 0.1125
10 0.68984375 0.73515625 0.05390625 0.0765625
10 0.7640625 0.82109375 0.0546875 0.0703125
10 0.690625 0.91953125 0.053125 0.07421875
3 0.6921875 0.8296875 0.0515625 0.06953125