1 0.18515625 0.503125 0.103125 0.1171875
1 0.403125 0.403125 0.1046875 0.1140625
1 0.415625 0.21015625 0.1125 0.1171875
3 0.1640625 0.66171875 0.09375 0.0640625
3 0.271875 0.85546875 0.090625 0.065625
6 0.28125 0.92734375 0.2140625 0.06875
4 0.80390625 0.803125 0.1640625 0.1
8 0.7359375 0.9484375 0.128125 0.053125
8 0.86875 0.946875 0.128125 0.05625
10 0.5359375 0.04921875 0.0921875 0.075
11 0.73828125 0.31796875 0.0828125 0.1203125
3 0.9140625 0.0546875 0.096875 0.06875
5 0.9515625 0.38125 0.075 0.05625