3 0.128125 0.246875 0.084375 0.075
6 0.128125 0.3609375 0.1828125 0.08125
1 0.0921875 0.69921875 0.0953125 0.121875
1 0.08671875 0.88828125 0.090625 0.125
1 0.32421875 0.88984375 0.090625 0.1265625
1 0.909375 0.903125 0.090625 0.125
3 0.296875 0.5828125 0.08125 0.075
3 0.66875 0.71953125 0.0796875 0.071875
4 0.7046875 0.15390625 0.15625 0.1265625
8 0.91953125 0.365625 0.1125 0.059375
5 0.609375 0.59921875 0.078125 0.0625
5 0.7296875 0.59765625 0.0703125 0.0625
11 0.92890625 0.540625 0.075 0.128125