8 0.08984375 0.05234375 0.11875 0.059375
8 0.3421875 0.05703125 0.1234375 0.059375
4 0.18671875 0.1828125 0.13359375 0.1109375
6 0.58125 0.1203125 0.19453125 0.08515625
3 0.58828125 0.26015625 0.08984375 0.078125
3 0.9171875 0.52109375 0.08359375 0.07578125
6 0.60234375 0.39296875 0.19296875 0.08046875
5 0.78515625 0.0625 0.0703125 0.06484375
11 0.6109375 0.6953125 0.07578125 0.12890625
5 0.2703125 0.63671875 0.065625 0.0703125
1 0.76640625 0.8953125 0.1015625 0.12890625
1 0.92265625 0.8921875 0.1 0.1328125
10 0.2859375 0.93203125 0.0875 0.084375
10 0.4109375 0.93203125 0.08828125 0.0828125