1 0.9125 0.16171875 0.1046875 0.071875
1 0.90859375 0.384375 0.1046875 0.075
1 0.90625 0.69609375 0.10625 0.0765625
1 0.90078125 0.9203125 0.109375 0.078125
3 0.93125 0.27109375 0.065625 0.0625
3 0.925 0.8078125 0.065625 0.0625
3 0.48359375 0.53125 0.065625 0.06875
6 0.5578125 0.384375 0.06875 0.15
6 0.55390625 0.67734375 0.0703125 0.153125
4 0.2 0.82421875 0.115625 0.1359375
8 0.30703125 0.68828125 0.05625 0.0921875
12 0.04921875 0.6984375 0.0453125 0.109375
11 0.05 0.14765625 0.059375 0.1171875
5 0.05078125 0.31875 0.053125 0.0625
5 0.26875 0.40703125 0.05625 0.059375