3 0.078125 0.57734375 0.075 0.0890625
3 0.053125 0.225 0.071875 0.090625
1 0.2875 0.4203125 0.121875 0.10625
1 0.07734375 0.415625 0.121875 0.1
6 0.8671875 0.7 0.0765625 0.20625
10 0.665625 0.79453125 0.0796875 0.0984375
10 0.6640625 0.67421875 0.078125 0.09375
3 0.75703125 0.70234375 0.071875 0.0875
3 0.63515625 0.3078125 0.06875 0.084375
10 0.54296875 0.40234375 0.0734375 0.0984375
10 0.54296875 0.28125 0.078125 0.0984375
4 0.93203125 0.4 0.1 0.14375
8 0.63671875 0.07578125 0.059375 0.128125
8 0.9578125 0.08671875 0.0515625 0.128125
11 0.28515625 0.05625 0.1234375 0.0796875
5 0.1765625 0.15859375 0.0609375 0.071875