1 0.0578125 0.1 0.07109375 0.121875
1 0.2578125 0.3140625 0.0703125 0.12265625
3 0.2625 0.0671875 0.0578125 0.0734375
3 0.3609375 0.35859375 0.05703125 0.06953125
3 0.359375 0.4765625 0.06015625 0.07421875
3 0.35859375 0.7515625 0.06171875 0.0703125
1 0.37109375 0.0953125 0.071875 0.12578125
1 0.4640625 0.09609375 0.07109375 0.12265625
4 0.49140625 0.58203125 0.09609375 0.10625
8 0.64921875 0.45234375 0.0828125 0.0578125
8 0.6546875 0.76484375 0.08203125 0.05703125
6 0.8421875 0.06640625 0.134375 0.075
10 0.78046875 0.48046875 0.0625 0.0765625
10 0.865625 0.48046875 0.06328125 0.08046875
10 0.93984375 0.48203125 0.06328125 0.08203125
11 0.44375 0.9140625 0.053125 0.12421875
11 0.515625 0.9140625 0.0515625 0.12265625
11 0.59375 0.91484375 0.053125 0.12578125
5 0.35859375 0.9375 0.04609375 0.059375