6 0.12734375 0.94140625 0.1703125 0.0828125
3 0.12734375 0.809375 0.0734375 0.0796875
3 0.24296875 0.809375 0.075 0.0796875
3 0.52734375 0.63046875 0.075 0.078125
3 0.70078125 0.0734375 0.06875 0.078125
3 0.8125 0.075 0.078125 0.0765625
10 0.07421875 0.625 0.08125 0.090625
10 0.29140625 0.621875 0.08125 0.0875
1 0.59140625 0.84765625 0.09375 0.134375
1 0.7578125 0.84609375 0.0875 0.1359375
5 0.88515625 0.6 0.05625 0.065625
5 0.5421875 0.31953125 0.065625 0.0625
11 0.5703125 0.50078125 0.13125 0.071875
8 0.9578125 0.47578125 0.0625 0.1171875