1 0.16171875 0.1203125 0.06875 0.184375
1 0.2609375 0.11875 0.0671875 0.1859375
1 0.36640625 0.1140625 0.06875 0.184375
3 0.04140625 0.075 0.05625 0.109375
3 0.28203125 0.58203125 0.0578125 0.10625
3 0.3609375 0.74453125 0.059375 0.103125
3 0.44375 0.58515625 0.05625 0.103125
10 0.275 0.43046875 0.0625 0.1234375
10 0.040625 0.4359375 0.059375 0.115625
10 0.43359375 0.90234375 0.059375 0.11875
10 0.2859375 0.9078125 0.059375 0.1234375
10 0.65234375 0.384375 0.065625 0.1234375
10 0.7734375 0.44140625 0.065625 0.1125
10 0.953125 0.43984375 0.06875 0.1078125
11 0.175 0.7515625 0.103125 0.096875
11 0.1765625 0.92265625 0.1015625 0.0875
8 0.03671875 0.8859375 0.046875 0.153125
5 0.03359375 0.575 0.046875 0.0953125
8 0.52578125 0.41484375 0.04375 0.15
4 0.64765625 0.10703125 0.096875 0.159375
3 0.87734375 0.22734375 0.0609375 0.10625
6 0.87890625 0.0984375 0.1375 0.115625