4 0.0984375 0.27578125 0.121875 0.10546875
1 0.25234375 0.5734375 0.13046875 0.08515625
1 0.24140625 0.76015625 0.13125 0.08359375
1 0.24453125 0.91953125 0.13046875 0.0859375
3 0.06484375 0.40390625 0.078125 0.06953125
3 0.2859375 0.40625 0.0796875 0.0703125
3 0.0546875 0.928125 0.075 0.07109375
10 0.45859375 0.25625 0.084375 0.07890625
10 0.56015625 0.25703125 0.0765625 0.08125
10 0.74921875 0.07265625 0.0875 0.07734375
10 0.7140625 0.2890625 0.084375 0.078125
3 0.86640625 0.0921875 0.078125 0.0765625
6 0.94765625 0.10234375 0.08671875 0.16796875
8 0.04921875 0.0703125 0.0640625 0.10703125
8 0.3 0.07421875 0.0609375 0.103125
5 0.40078125 0.05234375 0.059375 0.06328125
11 0.5625 0.0484375 0.13046875 0.0671875