1 0.9515625 0.52109375 0.059375 0.171875
1 0.9546875 0.2546875 0.059375 0.1640625
3 0.85546875 0.3515625 0.053125 0.096875
3 0.653125 0.31484375 0.05 0.1
3 0.53046875 0.31171875 0.0515625 0.103125
3 0.23203125 0.3390625 0.05 0.1
10 0.66171875 0.515625 0.053125 0.109375
10 0.51796875 0.515625 0.0546875 0.1125
10 0.31484375 0.75546875 0.053125 0.115625
10 0.25 0.75390625 0.053125 0.1125
10 0.1828125 0.75625 0.059375 0.109375
1 0.4109375 0.85078125 0.0625 0.165625
6 0.584375 0.18828125 0.121875 0.10625
8 0.403125 0.23046875 0.04375 0.134375
10 0.23984375 0.53671875 0.053125 0.11875
5 0.14765625 0.56484375 0.0484375 0.084375
11 0.07265625 0.18828125 0.0921875 0.090625