6 0.81171875 0.10703125 0.16875 0.053125
6 0.81015625 0.3453125 0.1625 0.05625
3 0.81015625 0.2328125 0.06875 0.05
10 0.6921875 0.1734375 0.0828125 0.0515625
10 0.69375 0.2765625 0.078125 0.05
3 0.92578125 0.61171875 0.075 0.0515625
1 0.5765625 0.59921875 0.11875 0.059375
11 0.76328125 0.953125 0.1203125 0.046875
1 0.58671875 0.93046875 0.125 0.0578125
5 0.7265625 0.74921875 0.0578125 0.040625
4 0.35 0.375 0.1265625 0.1015625
4 0.11171875 0.37109375 0.1234375 0.103125
8 0.07109375 0.51484375 0.059375 0.071875
10 0.3484375 0.68984375 0.08125 0.053125
10 0.23203125 0.765625 0.0765625 0.05625
10 0.1234375 0.690625 0.0796875 0.053125
3 0.225 0.69296875 0.071875 0.046875