6 0.10390625 0.2453125 0.0546875 0.153125
6 0.3453125 0.24609375 0.05625 0.15
3 0.23125 0.2453125 0.053125 0.065625
10 0.1734375 0.35390625 0.053125 0.075
10 0.27734375 0.35390625 0.0546875 0.075
3 0.61171875 0.1359375 0.05 0.065625
1 0.93046875 0.16796875 0.065625 0.115625
1 0.9296875 0.45234375 0.059375 0.1125
11 0.6453125 0.5890625 0.046875 0.1125
5 0.45703125 0.61953125 0.0453125 0.0578125
4 0.371875 0.9 0.103125 0.121875
8 0.51484375 0.93359375 0.078125 0.05625
3 0.69296875 0.79453125 0.053125 0.065625
10 0.6890625 0.88203125 0.05625 0.0765625
10 0.7640625 0.7859375 0.05625 0.071875