11 0.0453125 0.71484375 0.053125 0.1171875
1 0.07109375 0.54921875 0.059375 0.115625
1 0.4015625 0.5390625 0.059375 0.1109375
5 0.246875 0.6796875 0.040625 0.0578125
3 0.38671875 0.86328125 0.059375 0.071875
6 0.50390625 0.6609375 0.059375 0.1546875
10 0.72265625 0.64296875 0.05625 0.084375
10 0.82734375 0.646875 0.0546875 0.078125
6 0.89375 0.75546875 0.05625 0.153125
3 0.7671875 0.7546875 0.053125 0.0703125
3 0.30546875 0.20625 0.05 0.0703125
10 0.30859375 0.325 0.0546875 0.078125
10 0.30859375 0.11875 0.0546875 0.078125
10 0.23515625 0.2171875 0.0625 0.075
4 0.62109375 0.32890625 0.103125 0.121875
4 0.62890625 0.10390625 0.103125 0.121875
8 0.48359375 0.0671875 0.0765625 0.0625