1 0.35390625 0.90625 0.065625 0.115625
1 0.521875 0.921875 0.0625 0.121875
3 0.3265625 0.74453125 0.053125 0.075
10 0.690625 0.91875 0.053125 0.0796875
10 0.690625 0.73671875 0.059375 0.08125
3 0.69375 0.83125 0.053125 0.0671875
10 0.7625 0.82265625 0.059375 0.0671875
4 0.63828125 0.4359375 0.10625 0.1265625
8 0.91953125 0.44140625 0.075 0.05625
6 0.40859375 0.234375 0.059375 0.15625
6 0.1046875 0.24296875 0.059375 0.1609375
3 0.23125 0.24609375 0.0546875 0.0734375
10 0.22265625 0.34609375 0.0546875 0.078125
10 0.31015625 0.346875 0.0546875 0.071875
11 0.16640625 0.4953125 0.090625 0.0625
5 0.034375 0.4921875 0.046875 0.0578125