6 0.30078125 0.1296875 0.21484375 0.0828125
3 0.29765625 0.24296875 0.0859375 0.07265625
10 0.20625 0.33515625 0.096875 0.08046875
10 0.32578125 0.3359375 0.0953125 0.08046875
11 0.67890625 0.278125 0.1578125 0.06484375
5 0.56875 0.578125 0.07734375 0.06328125
4 0.59765625 0.065625 0.14921875 0.10390625
8 0.91484375 0.04140625 0.12734375 0.05703125
8 0.91875 0.3609375 0.1234375 0.059375
1 0.58359375 0.715625 0.11171875 0.12109375
3 0.91875 0.7390625 0.0890625 0.0765625
3 0.42265625 0.9234375 0.08984375 0.07109375
1 0.58671875 0.9234375 0.11171875 0.11875
1 0.92421875 0.92421875 0.10078125 0.1203125