1 0.5796875 0.10234375 0.08828125 0.1375
1 0.9203125 0.090625 0.08828125 0.13359375
3 0.70078125 0.07265625 0.07421875 0.08046875
3 0.81640625 0.0734375 0.071875 0.08125
11 0.56953125 0.49921875 0.12890625 0.07109375
8 0.95859375 0.475 0.05859375 0.1140625
5 0.5421875 0.31796875 0.0625 0.06796875
10 0.0734375 0.6234375 0.07734375 0.090625
10 0.29296875 0.62265625 0.07578125 0.08671875
3 0.12578125 0.80703125 0.0765625 0.07734375
3 0.24140625 0.80859375 0.07265625 0.0765625
3 0.52578125 0.6296875 0.07265625 0.08046875
6 0.12578125 0.93984375 0.1734375 0.08515625
1 0.59296875 0.84453125 0.0875 0.13671875
1 0.7578125 0.84375 0.0875 0.13515625
5 0.88671875 0.59765625 0.0625 0.06875