4 0.2421875 0.42421875 0.11875 0.10703125
8 0.05390625 0.33203125 0.05703125 0.07578125
8 0.05703125 0.51875 0.053125 0.07578125
3 0.075 0.6140625 0.065625 0.05625
3 0.17421875 0.61015625 0.06484375 0.05625
1 0.09921875 0.68515625 0.11953125 0.06328125
6 0.75703125 0.1796875 0.1609375 0.06484375
6 0.75390625 0.41328125 0.1546875 0.05625
10 0.6546875 0.29921875 0.0734375 0.05625
3 0.7578125 0.3 0.06796875 0.0578125
1 0.5671875 0.71640625 0.11953125 0.0609375
1 0.5703125 0.82265625 0.1203125 0.0625
10 0.84296875 0.71328125 0.08125 0.0546875
10 0.84296875 0.82578125 0.08671875 0.053125
11 0.53671875 0.9703125 0.11640625 0.053125
5 0.85390625 0.9703125 0.06953125 0.04453125