6 0.871875 0.05703125 0.175 0.084375
1 0.4078125 0.1546875 0.090625 0.1359375
1 0.2421875 0.153125 0.0875 0.134375
3 0.4734375 0.36875 0.078125 0.08125
3 0.87421875 0.1890625 0.075 0.0796875
3 0.759375 0.18984375 0.075 0.0796875
3 0.29765625 0.92578125 0.071875 0.0796875
3 0.1828125 0.93046875 0.084375 0.084375
1 0.42109375 0.89921875 0.090625 0.1328125
11 0.42890625 0.50078125 0.13125 0.0671875
5 0.46015625 0.68046875 0.0625 0.0578125
8 0.0546875 0.615625 0.0578125 0.1125
10 0.928125 0.37421875 0.0765625 0.0875
10 0.70859375 0.37890625 0.0796875 0.090625