6 0.75703125 0.1046875 0.153125 0.059375
6 0.765625 0.409375 0.15625 0.053125
3 0.7546875 0.23203125 0.071875 0.0546875
10 0.65625 0.22265625 0.0796875 0.059375
10 0.653125 0.31171875 0.075 0.059375
4 0.5671875 0.63671875 0.11875 0.1015625
8 0.55859375 0.9171875 0.0578125 0.071875
11 0.50390625 0.16953125 0.059375 0.0859375
5 0.50859375 0.0359375 0.05625 0.04375
3 0.25390625 0.32578125 0.06875 0.05
1 0.09296875 0.35546875 0.1125 0.059375
1 0.0796875 0.5234375 0.1125 0.0625
10 0.26484375 0.68984375 0.0765625 0.053125
10 0.17890625 0.7640625 0.0703125 0.0546875
10 0.08046875 0.690625 0.075 0.053125
3 0.1703125 0.6921875 0.06875 0.0515625