4 0.72421875 0.0984375 0.10625 0.121875
1 0.4265625 0.25234375 0.084375 0.13125
1 0.23984375 0.24140625 0.084375 0.13125
1 0.08046875 0.24453125 0.0859375 0.13125
3 0.59609375 0.06484375 0.06875 0.078125
3 0.59375 0.2859375 0.0703125 0.0796875
3 0.071875 0.0546875 0.071875 0.075
10 0.74375 0.45859375 0.078125 0.084375
10 0.74296875 0.56015625 0.08125 0.0765625
10 0.92734375 0.74921875 0.078125 0.0875
10 0.7109375 0.7140625 0.078125 0.084375
3 0.9078125 0.86640625 0.0765625 0.078125
6 0.89765625 0.94765625 0.16875 0.0875
8 0.9296875 0.04921875 0.10625 0.0640625
8 0.92578125 0.3 0.103125 0.0609375
5 0.94765625 0.40078125 0.0625 0.059375
11 0.9515625 0.5625 0.0671875 0.13125