6 0.15390625 0.05234375 0.246875 0.08125
3 0.14140625 0.13359375 0.10625 0.071875
10 0.10859375 0.25078125 0.10625 0.084375
10 0.37890625 0.4390625 0.115625 0.078125
10 0.38046875 0.54375 0.121875 0.075
3 0.1953125 0.49453125 0.109375 0.071875
1 0.7 0.7578125 0.121875 0.1265625
1 0.87734375 0.76640625 0.125 0.1265625
3 0.60546875 0.93359375 0.1046875 0.06875
4 0.41328125 0.89921875 0.153125 0.121875
11 0.06640625 0.790625 0.096875 0.125
5 0.1765625 0.82265625 0.0859375 0.0625
8 0.09453125 0.91171875 0.146875 0.05625