1 0.103125 0.0609375 0.1484375 0.071875
1 0.10234375 0.14296875 0.15 0.071875
10 0.3421875 0.2109375 0.090625 0.06875
10 0.34921875 0.3203125 0.090625 0.0703125
3 0.19375 0.50625 0.09375 0.059375
6 0.0921875 0.4015625 0.09375 0.1421875
6 0.096875 0.6125 0.0953125 0.1359375
11 0.0578125 0.86796875 0.078125 0.1046875
10 0.3453125 0.959375 0.0984375 0.0625
5 0.178125 0.96484375 0.0765625 0.046875
8 0.62265625 0.54765625 0.1234375 0.053125
4 0.53671875 0.67265625 0.128125 0.096875
4 0.54296875 0.87265625 0.125 0.1
8 0.615625 0.9625 0.1265625 0.0484375
1 0.89765625 0.57265625 0.146875 0.075
3 0.90859375 0.70234375 0.084375 0.065625
3 0.91171875 0.8234375 0.090625 0.0578125
1 0.9046875 0.95078125 0.15 0.0671875