6 0.29921875 0.13125 0.209375 0.08125
3 0.3 0.2421875 0.090625 0.071875
10 0.2078125 0.33515625 0.096875 0.078125
10 0.3265625 0.33515625 0.0984375 0.08125
10 0.59765625 0.45546875 0.090625 0.075
10 0.71953125 0.45703125 0.09375 0.08125
3 0.69140625 0.36328125 0.0890625 0.0671875
3 0.42265625 0.9234375 0.084375 0.071875
3 0.77109375 0.946875 0.09375 0.071875
1 0.58046875 0.71015625 0.109375 0.121875
1 0.584375 0.92109375 0.103125 0.121875
4 0.596875 0.0671875 0.15 0.1078125
8 0.9125 0.0421875 0.13125 0.059375
8 0.9234375 0.359375 0.125 0.0578125
11 0.94140625 0.7125 0.084375 0.1265625
5 0.8390625 0.8234375 0.0765625 0.0609375