11 0.209375 0.06640625 0.1265625 0.0890625
5 0.175 0.17734375 0.06015625 0.08828125
4 0.1015625 0.41484375 0.125 0.15390625
8 0.08828125 0.096875 0.05625 0.15078125
3 0.065625 0.60546875 0.07265625 0.10078125
1 0.24296875 0.69921875 0.125 0.1203125
1 0.2328125 0.8765625 0.12421875 0.121875
3 0.50546875 0.196875 0.071875 0.10234375
10 0.4578125 0.38359375 0.07265625 0.115625
10 0.5625 0.38125 0.07578125 0.1140625
10 0.74921875 0.10703125 0.0828125 0.1078125
3 0.865625 0.13671875 0.071875 0.09921875
6 0.946875 0.15390625 0.078125 0.24140625