1 0.14140625 0.09453125 0.071875 0.128125
1 0.371875 0.103125 0.0796875 0.1265625
10 0.25390625 0.0828125 0.065625 0.0875
3 0.409375 0.46640625 0.0625 0.071875
3 0.57734375 0.5265625 0.0625 0.0796875
6 0.40859375 0.365625 0.146875 0.08125
1 0.14140625 0.90078125 0.071875 0.125
1 0.371875 0.91015625 0.0765625 0.128125
1 0.25546875 0.88671875 0.065625 0.0828125
10 0.25234375 0.8875 0.0703125 0.0859375
6 0.58984375 0.61484375 0.153125 0.0796875
11 0.69765625 0.07421875 0.1171875 0.065625
11 0.91875 0.07265625 0.109375 0.075
5 0.9484375 0.43984375 0.0578125 0.06875
4 0.83046875 0.79296875 0.128125 0.134375
8 0.696875 0.92421875 0.09375 0.059375
8 0.928125 0.93515625 0.090625 0.059375