6 0.8953125 0.75703125 0.059375 0.153125
6 0.590625 0.765625 0.053125 0.15625
3 0.76796875 0.7546875 0.0546875 0.071875
10 0.77734375 0.65625 0.059375 0.0796875
10 0.68828125 0.653125 0.059375 0.075
4 0.36328125 0.5671875 0.1015625 0.11875
8 0.0828125 0.55859375 0.071875 0.0578125
11 0.83046875 0.50390625 0.0859375 0.059375
5 0.9640625 0.50859375 0.04375 0.05625
3 0.67421875 0.25390625 0.05 0.06875
1 0.64453125 0.09296875 0.0609375 0.1125
1 0.4765625 0.0796875 0.0625 0.1125
10 0.31015625 0.26484375 0.053125 0.0765625
10 0.2359375 0.17890625 0.0546875 0.0703125
10 0.309375 0.08046875 0.053125 0.075
3 0.3078125 0.1703125 0.0515625 0.06875