4 0.09921875 0.62890625 0.121875 0.10625
4 0.32421875 0.625 0.11875 0.1015625
6 0.659375 0.50546875 0.15625 0.053125
6 0.753125 0.89453125 0.1484375 0.0515625
3 0.7546875 0.76875 0.0671875 0.053125
3 0.86328125 0.3875 0.0640625 0.05
3 0.20703125 0.30625 0.0671875 0.0546875
10 0.115625 0.309375 0.075 0.05625
10 0.21640625 0.2359375 0.06875 0.059375
10 0.32421875 0.309375 0.0734375 0.0546875
8 0.06640625 0.484375 0.05625 0.0734375
10 0.6453125 0.82578125 0.0734375 0.053125
10 0.64453125 0.7234375 0.071875 0.0515625
1 0.53828125 0.39921875 0.1125 0.059375
1 0.54609375 0.0703125 0.109375 0.059375
11 0.709375 0.046875 0.115625 0.04375
3 0.678125 0.25 0.059375 0.0390625