1 0.52109375 0.0484375 0.171875 0.059375
1 0.2546875 0.0453125 0.1640625 0.059375
3 0.3515625 0.14453125 0.096875 0.053125
3 0.31484375 0.346875 0.1 0.05
3 0.31171875 0.46953125 0.103125 0.0515625
3 0.3390625 0.76796875 0.1 0.05
10 0.515625 0.33828125 0.109375 0.053125
10 0.515625 0.48203125 0.1125 0.0546875
10 0.75546875 0.68515625 0.115625 0.053125
10 0.75390625 0.75 0.1125 0.053125
10 0.75625 0.8171875 0.109375 0.059375
1 0.85078125 0.5890625 0.165625 0.0625
6 0.18828125 0.415625 0.10625 0.121875
8 0.23046875 0.596875 0.134375 0.04375
10 0.53671875 0.76015625 0.11875 0.053125
5 0.56484375 0.85234375 0.084375 0.0484375
11 0.18828125 0.92734375 0.090625 0.0921875