5 0.6390625 0.93984375 0.0484375 0.065625
11 0.55546875 0.91484375 0.0484375 0.1234375
11 0.48359375 0.9125 0.046875 0.121875
11 0.4078125 0.91484375 0.0484375 0.11875
3 0.640625 0.753125 0.05625 0.0734375
3 0.64140625 0.47578125 0.0609375 0.071875
3 0.63984375 0.3609375 0.0578125 0.071875
3 0.73828125 0.06953125 0.05625 0.0703125
1 0.6296875 0.09765625 0.06875 0.11875
1 0.5359375 0.0984375 0.06875 0.121875
1 0.74296875 0.31484375 0.06875 0.1234375
1 0.94140625 0.09921875 0.06875 0.121875
10 0.21953125 0.48046875 0.059375 0.08125
10 0.13671875 0.47890625 0.059375 0.0796875
10 0.059375 0.48046875 0.0625 0.084375
10 0.51015625 0.5828125 0.09375 0.103125
8 0.34609375 0.765625 0.08125 0.0578125
8 0.35 0.45390625 0.084375 0.05625
6 0.15625 0.065625 0.1375 0.078125