1 0.83828125 0.9125 0.071875 0.1046875
1 0.615625 0.90859375 0.075 0.1046875
1 0.30390625 0.90625 0.0765625 0.10625
1 0.0796875 0.90078125 0.0796875 0.109375
3 0.72890625 0.93125 0.0625 0.065625
3 0.1921875 0.925 0.0625 0.065625
3 0.46875 0.48359375 0.06875 0.065625
6 0.615625 0.5578125 0.15 0.06875
6 0.32265625 0.55390625 0.153125 0.0703125
4 0.17578125 0.2 0.1359375 0.115625
8 0.31171875 0.30703125 0.0921875 0.05625
12 0.3015625 0.04921875 0.109375 0.0453125
11 0.85234375 0.05 0.1171875 0.0609375
5 0.68125 0.05078125 0.0625 0.053125
5 0.59296875 0.26875 0.059375 0.05625