1 0.42578125 0.1078125 0.06796875 0.1484375
1 0.42109375 0.40546875 0.075 0.14375
1 0.42734375 0.89765625 0.071875 0.15078125
1 0.04765625 0.91171875 0.0703125 0.14375
3 0.175 0.9109375 0.06015625 0.08515625
3 0.23828125 0.91328125 0.05390625 0.0828125
3 0.29609375 0.9125 0.0578125 0.0890625
4 0.11796875 0.4515625 0.0984375 0.125
4 0.1171875 0.203125 0.09765625 0.1234375
5 0.03828125 0.0671875 0.05 0.075
8 0.04140625 0.62109375 0.05 0.11796875
3 0.2828125 0.42421875 0.0578125 0.08671875
3 0.89921875 0.2078125 0.0578125 0.0828125
11 0.6578125 0.43515625 0.09921875 0.0734375
8 0.52265625 0.41015625 0.04921875 0.11953125
9 0.51953125 0.065625 0.05 0.09140625
5 0.69609375 0.05546875 0.05 0.07265625
6 0.896875 0.0640625 0.13828125 0.0921875
10 0.7703125 0.4140625 0.06328125 0.0890625
10 0.940625 0.40703125 0.06328125 0.09765625
10 0.43671875 0.63515625 0.0625 0.090625