5 0.93984375 0.3609375 0.065625 0.0484375
11 0.91484375 0.44453125 0.1234375 0.0484375
11 0.9125 0.51640625 0.121875 0.046875
11 0.91484375 0.5921875 0.11875 0.0484375
3 0.753125 0.359375 0.0734375 0.05625
3 0.47578125 0.35859375 0.071875 0.0609375
3 0.3609375 0.36015625 0.071875 0.0578125
3 0.06953125 0.26171875 0.0703125 0.05625
1 0.09765625 0.3703125 0.11875 0.06875
1 0.0984375 0.4640625 0.121875 0.06875
1 0.31484375 0.25703125 0.1234375 0.06875
1 0.09921875 0.05859375 0.121875 0.06875
10 0.48046875 0.78046875 0.08125 0.059375
10 0.47890625 0.86328125 0.078125 0.059375
10 0.48046875 0.940625 0.084375 0.0625
10 0.5828125 0.48984375 0.103125 0.09375
8 0.765625 0.65390625 0.0578125 0.08125
8 0.45390625 0.65 0.05625 0.084375
6 0.065625 0.84375 0.078125 0.1375