6 0.175 0.2421875 0.0546875 0.153125
6 0.41171875 0.24375 0.0515625 0.15546875
3 0.29921875 0.24296875 0.04921875 0.0671875
10 0.2984375 0.3421875 0.0515625 0.07109375
10 0.71328125 0.153125 0.05078125 0.07578125
10 0.82734375 0.153125 0.0515625 0.075
1 0.71796875 0.428125 0.05625 0.109375
1 0.82421875 0.43046875 0.059375 0.1140625
4 0.42265625 0.75625 0.0984375 0.11875
8 0.3296875 0.946875 0.07109375 0.05
8 0.515625 0.94375 0.07109375 0.053125
3 0.609375 0.8234375 0.04765625 0.06953125
3 0.6078125 0.92109375 0.0515625 0.0625
1 0.68828125 0.9 0.05859375 0.1140625
5 0.96875 0.14609375 0.04140625 0.0578125
11 0.96875 0.46171875 0.04375 0.1140625