6 0.22109375 0.17265625 0.1375 0.08125
6 0.13359375 0.3984375 0.1375 0.078125
6 0.29765625 0.39921875 0.134375 0.078125
3 0.103125 0.2875 0.05625 0.071875
3 0.2953125 0.27890625 0.059375 0.0734375
3 0.1859375 0.7609375 0.0625 0.06875
3 0.721875 0.4859375 0.059375 0.071875
3 0.934375 0.16015625 0.0625 0.0734375
1 0.0578125 0.63984375 0.0703125 0.125
1 0.3171875 0.64375 0.06875 0.1265625
1 0.065625 0.89921875 0.065625 0.125
1 0.66640625 0.1859375 0.065625 0.125
1 0.9359375 0.440625 0.06875 0.121875
5 0.57890625 0.72109375 0.053125 0.065625
11 0.73984375 0.6765625 0.053125 0.125
4 0.89453125 0.76796875 0.1234375 0.13125
8 0.94453125 0.60703125 0.084375 0.059375