1 0.64453125 0.90859375 0.0625 0.109375
1 0.47734375 0.92109375 0.05625 0.109375
6 0.5890625 0.23203125 0.053125 0.153125
6 0.8953125 0.2453125 0.053125 0.1484375
10 0.7765625 0.34609375 0.0515625 0.078125
10 0.6859375 0.346875 0.0546875 0.075
3 0.76796875 0.24453125 0.05 0.065625
3 0.14921875 0.40859375 0.0484375 0.065625
6 0.0734375 0.38984375 0.05625 0.15
11 0.8296875 0.49609375 0.0875 0.0578125
5 0.96328125 0.4921875 0.05 0.05625
3 0.675 0.74296875 0.0515625 0.065625
3 0.30625 0.83046875 0.0484375 0.065625
10 0.30859375 0.9203125 0.0515625 0.075
10 0.309375 0.7359375 0.05 0.071875
10 0.23515625 0.8234375 0.05625 0.06875
4 0.19921875 0.6546875 0.096875 0.11875
11 0.071875 0.14375 0.0875 0.0578125
5 0.2265625 0.14453125 0.04375 0.053125
8 0.3578125 0.60078125 0.071875 0.0625