6 0.75625 0.10625 0.15 0.053125
6 0.76640625 0.40859375 0.1515625 0.053125
3 0.7546875 0.23203125 0.071875 0.05
10 0.653125 0.2234375 0.075 0.053125
10 0.65234375 0.31015625 0.078125 0.0546875
11 0.5046875 0.16875 0.05625 0.090625
5 0.51015625 0.03515625 0.053125 0.040625
4 0.56640625 0.63515625 0.121875 0.10625
8 0.5578125 0.91953125 0.05625 0.078125
11 0.85859375 0.92734375 0.0578125 0.090625
5 0.85859375 0.77265625 0.053125 0.0421875
3 0.25625 0.325 0.06875 0.0546875
10 0.265625 0.6890625 0.078125 0.05625
10 0.178125 0.7640625 0.06875 0.05625
10 0.0796875 0.68828125 0.075 0.053125
3 0.1703125 0.690625 0.06875 0.0546875
1 0.09453125 0.35546875 0.115625 0.0625
1 0.08046875 0.521875 0.1140625 0.0625