1 0.35703125 0.9078125 0.0625 0.1140625
1 0.521875 0.92109375 0.0671875 0.115625
3 0.32578125 0.74296875 0.053125 0.071875
3 0.69296875 0.83046875 0.0515625 0.0703125
10 0.69140625 0.91796875 0.053125 0.078125
10 0.69140625 0.734375 0.053125 0.078125
10 0.765625 0.8203125 0.0578125 0.075
4 0.8 0.65625 0.10625 0.1234375
8 0.64453125 0.60390625 0.075 0.053125
6 0.10546875 0.2453125 0.0578125 0.15625
6 0.40859375 0.2359375 0.059375 0.159375
3 0.23046875 0.24609375 0.0546875 0.06875
10 0.3109375 0.3453125 0.05625 0.075
10 0.2234375 0.34765625 0.053125 0.078125
11 0.16875 0.49609375 0.09375 0.065625
5 0.0359375 0.4890625 0.0484375 0.0609375
3 0.8515625 0.41015625 0.053125 0.0703125
6 0.92734375 0.39296875 0.059375 0.16875
11 0.92734375 0.14375 0.0875 0.0640625
5 0.775 0.1453125 0.0515625 0.0625