8 0.05234375 0.66953125 0.0546875 0.071875
8 0.05546875 0.4828125 0.0546875 0.06875
4 0.24296875 0.578125 0.1171875 0.1
3 0.07578125 0.39140625 0.06875 0.053125
3 0.17578125 0.390625 0.065625 0.0484375
1 0.0984375 0.3125 0.1125 0.05625
1 0.5671875 0.28125 0.1125 0.05625
1 0.5703125 0.17578125 0.1125 0.05625
6 0.7578125 0.82578125 0.1515625 0.053125
6 0.7546875 0.58984375 0.1515625 0.05625
10 0.65703125 0.70078125 0.0734375 0.053125
10 0.8484375 0.2859375 0.078125 0.053125
10 0.84765625 0.1734375 0.075 0.053125
3 0.75703125 0.69921875 0.0671875 0.0484375
11 0.53671875 0.0296875 0.1171875 0.04375
5 0.85390625 0.0296875 0.05625 0.0421875