1 0.04375 0.74375 0.065625 0.1828125
1 0.04765625 0.47734375 0.059375 0.1796875
1 0.58828125 0.15 0.0640625 0.16875
3 0.1453125 0.646875 0.053125 0.11875
3 0.346875 0.68046875 0.059375 0.10625
3 0.47109375 0.68203125 0.053125 0.115625
3 0.7671875 0.65859375 0.0546875 0.1140625
10 0.33984375 0.48515625 0.0609375 0.11875
10 0.48046875 0.4859375 0.05625 0.11875
10 0.684375 0.24609375 0.059375 0.1140625
10 0.7484375 0.24296875 0.05625 0.11875
10 0.81875 0.246875 0.05625 0.11875
10 0.76015625 0.4625 0.059375 0.115625
6 0.415625 0.81171875 0.125 0.1140625
8 0.59921875 0.7703125 0.046875 0.1375
11 0.9265625 0.81640625 0.090625 0.1015625
5 0.853125 0.43984375 0.053125 0.09375