1 0.89765625 0.5796875 0.1375 0.0890625
1 0.909375 0.9203125 0.134375 0.0875
3 0.92734375 0.70078125 0.08125 0.075
3 0.9265625 0.81640625 0.08125 0.071875
11 0.50078125 0.56953125 0.071875 0.128125
8 0.525 0.95859375 0.1140625 0.059375
5 0.68203125 0.5421875 0.06875 0.0625
10 0.3765625 0.0734375 0.090625 0.078125
10 0.37734375 0.29296875 0.0875 0.075
3 0.19296875 0.12578125 0.078125 0.0765625
3 0.19140625 0.24140625 0.0765625 0.071875
3 0.3703125 0.52578125 0.08125 0.071875
6 0.06015625 0.12578125 0.084375 0.1734375
1 0.15546875 0.59296875 0.1375 0.0875
1 0.15625 0.7578125 0.134375 0.0875
5 0.40234375 0.88671875 0.06875 0.0625