11 0.0984375 0.203125 0.11484375 0.05234375
11 0.28515625 0.20625 0.1171875 0.05
5 0.0671875 0.35859375 0.059375 0.046875
5 0.25625 0.42734375 0.059375 0.0515625
1 0.08984375 0.5328125 0.11640625 0.0671875
1 0.09140625 0.7203125 0.11484375 0.06015625
3 0.23515625 0.61953125 0.06875 0.0515625
6 0.62421875 0.50625 0.1578125 0.059375
6 0.8 0.50546875 0.15859375 0.06171875
3 0.64296875 0.3984375 0.07421875 0.05390625
3 0.8046875 0.3984375 0.06875 0.05234375
4 0.73046875 0.1375 0.1171875 0.1140625
8 0.86953125 0.059375 0.0578125 0.084375
1 0.56484375 0.83125 0.1140625 0.06953125
1 0.56796875 0.92109375 0.11484375 0.06328125
10 0.84375 0.82734375 0.08125 0.059375
10 0.84609375 0.925 0.07890625 0.05703125