4 0.10234375 0.6296875 0.11875 0.1046875
4 0.32421875 0.625 0.11875 0.0984375
8 0.0671875 0.4859375 0.05625 0.06875
3 0.1703125 0.30703125 0.065625 0.053125
10 0.07890625 0.3109375 0.071875 0.053125
10 0.265625 0.31015625 0.075 0.053125
10 0.1765625 0.234375 0.0703125 0.053125
10 0.64765625 0.82734375 0.075 0.0515625
10 0.64765625 0.7234375 0.075 0.0515625
3 0.75625 0.76796875 0.0671875 0.0515625
3 0.86015625 0.38671875 0.06875 0.05
1 0.5375 0.4 0.109375 0.059375
1 0.5484375 0.06953125 0.1125 0.059375
6 0.75390625 0.8953125 0.15 0.059375
6 0.76328125 0.6359375 0.15 0.05625
5 0.37890625 0.38984375 0.0578125 0.0453125