1 0.5796875 0.284375 0.103125 0.1203125
1 0.58515625 0.07578125 0.103125 0.1265625
1 0.92578125 0.07265625 0.103125 0.1203125
3 0.421875 0.075 0.090625 0.0734375
3 0.91875 0.26484375 0.0875 0.071875
10 0.2046875 0.66640625 0.09375 0.08125
10 0.32734375 0.6625 0.096875 0.0828125
3 0.3 0.75703125 0.0859375 0.071875
6 0.29921875 0.86875 0.2125 0.08125
11 0.67890625 0.71875 0.153125 0.0625
5 0.57109375 0.4171875 0.08125 0.0625
4 0.59609375 0.93125 0.1453125 0.1
8 0.921875 0.63671875 0.1203125 0.059375
8 0.915625 0.9578125 0.125 0.053125