8 0.73359375 0.05390625 0.13125 0.0578125
8 0.86953125 0.0515625 0.128125 0.0578125
4 0.80234375 0.19453125 0.15 0.103125
1 0.1875 0.49375 0.115625 0.115625
3 0.16796875 0.33984375 0.10625 0.071875
11 0.5453125 0.58359375 0.0875 0.115625
5 0.36953125 0.51015625 0.078125 0.059375
5 0.3703125 0.5765625 0.078125 0.05625
5 0.3734375 0.64765625 0.0859375 0.059375
6 0.7828125 0.66171875 0.21875 0.078125
3 0.790625 0.7625 0.090625 0.06875
10 0.38671875 0.94609375 0.0953125 0.075
10 0.53671875 0.946875 0.09375 0.0765625