6 0.1078125 0.24375 0.05859375 0.15078125
6 0.41015625 0.23359375 0.05625 0.15078125
3 0.2328125 0.24453125 0.0546875 0.0671875
3 0.61171875 0.13671875 0.0515625 0.06484375
1 0.9265625 0.15390625 0.05703125 0.11171875
1 0.59921875 0.46015625 0.059375 0.1125
1 0.9296875 0.4515625 0.06640625 0.1140625
10 0.2234375 0.3453125 0.0515625 0.08046875
10 0.31171875 0.34609375 0.0515625 0.0734375
11 0.1671875 0.4953125 0.08515625 0.0609375
5 0.0359375 0.49140625 0.046875 0.053125
4 0.375 0.675 0.10234375 0.11875
4 0.36875 0.89609375 0.10625 0.11875
8 0.515625 0.93359375 0.0703125 0.05546875
10 0.68984375 0.73515625 0.05625 0.07265625
10 0.765625 0.82265625 0.05390625 0.0671875
10 0.69140625 0.92109375 0.05234375 0.07734375
3 0.69296875 0.8296875 0.05078125 0.06484375