4 0.37109375 0.09921875 0.10625 0.121875
4 0.375 0.32421875 0.1015625 0.11875
6 0.49453125 0.659375 0.053125 0.15625
6 0.10546875 0.753125 0.0515625 0.1484375
3 0.23125 0.7546875 0.053125 0.0671875
3 0.6125 0.86328125 0.05 0.0640625
3 0.69375 0.20703125 0.0546875 0.0671875
10 0.690625 0.115625 0.05625 0.075
10 0.7640625 0.21640625 0.059375 0.06875
10 0.690625 0.32421875 0.0546875 0.0734375
8 0.515625 0.06640625 0.0734375 0.05625
10 0.17421875 0.6453125 0.053125 0.0734375
10 0.2765625 0.64453125 0.0515625 0.071875
1 0.60078125 0.53828125 0.059375 0.1125
1 0.9296875 0.54609375 0.059375 0.109375
11 0.953125 0.709375 0.04375 0.115625
3 0.75 0.678125 0.0390625 0.059375