1 0.09765625 0.428125 0.14375 0.06875
1 0.0890625 0.0484375 0.146875 0.0671875
3 0.0890625 0.2984375 0.0921875 0.0625
3 0.0875 0.17578125 0.0828125 0.059375
8 0.375 0.45078125 0.121875 0.04375
8 0.3859375 0.0375 0.11875 0.0453125
4 0.45859375 0.328125 0.125 0.096875
4 0.45703125 0.13046875 0.128125 0.0984375
10 0.65703125 0.78671875 0.090625 0.0671875
10 0.6515625 0.6796875 0.0890625 0.065625
1 0.89453125 0.93828125 0.14375 0.06875
1 0.8953125 0.85546875 0.146875 0.071875
6 0.9046875 0.60078125 0.0921875 0.1375
6 0.903125 0.3890625 0.090625 0.134375
3 0.8046875 0.49453125 0.084375 0.05625
10 0.646875 0.040625 0.09375 0.059375
11 0.94296875 0.13125 0.075 0.103125
5 0.81875 0.03671875 0.071875 0.053125