11 0.05390625 0.11171875 0.0515625 0.12890625
11 0.2546875 0.08046875 0.05078125 0.1203125
5 0.0296875 0.33671875 0.04296875 0.05859375
1 0.37265625 0.09375 0.06875 0.125
1 0.54921875 0.09375 0.0671875 0.125
1 0.74140625 0.11171875 0.06484375 0.121875
1 0.8796875 0.1109375 0.06796875 0.1234375
3 0.3359375 0.4171875 0.05703125 0.0734375
3 0.57421875 0.43984375 0.0546875 0.0703125
3 0.8125 0.421875 0.05859375 0.06953125
6 0.39609375 0.6171875 0.13046875 0.08046875
10 0.44765625 0.8296875 0.05859375 0.07734375
10 0.3375 0.83125 0.0578125 0.0875
10 0.540625 0.7390625 0.06328125 0.07890625
3 0.40390625 0.7375 0.05703125 0.07265625
4 0.75390625 0.80703125 0.09453125 0.10625
8 0.840625 0.93515625 0.08203125 0.06171875
8 0.93828125 0.934375 0.078125 0.05703125