3 0.70234375 0.075 0.078125 0.0828125
3 0.81171875 0.07265625 0.0765625 0.078125
3 0.05234375 0.49296875 0.075 0.0828125
3 0.4359375 0.453125 0.0765625 0.0828125
3 0.12734375 0.80859375 0.075 0.08125
3 0.24453125 0.81171875 0.078125 0.084375
10 0.07421875 0.621875 0.078125 0.090625
10 0.29140625 0.621875 0.08125 0.0921875
1 0.59296875 0.84375 0.0875 0.134375
1 0.75859375 0.84765625 0.090625 0.1375
1 0.9359375 0.8453125 0.0875 0.140625
4 0.89609375 0.62109375 0.121875 0.1171875
6 0.12734375 0.93828125 0.1765625 0.0875
1 0.5796875 0.10234375 0.0890625 0.134375
1 0.9234375 0.0890625 0.0890625 0.134375
10 0.434375 0.0640625 0.075 0.0890625
8 0.9578125 0.47890625 0.0609375 0.115625
5 0.54140625 0.31953125 0.0625 0.0671875
8 0.60625 0.59296875 0.1078125 0.0625