4 0.81015625 0.18125 0.1375 0.1078125
8 0.6546875 0.05546875 0.115625 0.05625
8 0.90859375 0.053125 0.1171875 0.059375
6 0.41640625 0.121875 0.190625 0.084375
6 0.3984375 0.3921875 0.1890625 0.0828125
3 0.41328125 0.2578125 0.08125 0.078125
3 0.0828125 0.5203125 0.08125 0.075
5 0.21328125 0.06171875 0.075 0.06875
5 0.72734375 0.6359375 0.0671875 0.0625
11 0.3890625 0.69140625 0.075 0.134375
10 0.715625 0.93359375 0.0796875 0.084375
10 0.58828125 0.9296875 0.084375 0.08125
1 0.25078125 0.89609375 0.1 0.1328125
1 0.134375 0.890625 0.09375 0.1328125