4 0.18125 0.18984375 0.1078125 0.13828125
8 0.05546875 0.3453125 0.05703125 0.11484375
8 0.053125 0.09140625 0.06015625 0.1171875
6 0.121875 0.58359375 0.08515625 0.19140625
6 0.3921875 0.6015625 0.0828125 0.1890625
3 0.2578125 0.58671875 0.078125 0.08125
3 0.5203125 0.9171875 0.07421875 0.08046875
5 0.06171875 0.78671875 0.06875 0.07421875
5 0.6359375 0.27265625 0.06328125 0.0671875
11 0.69140625 0.6109375 0.13515625 0.07578125
10 0.93359375 0.284375 0.08359375 0.0796875
10 0.9296875 0.41171875 0.08046875 0.08515625
1 0.89609375 0.74921875 0.1328125 0.09921875
1 0.890625 0.865625 0.1328125 0.09453125