1 0.11015625 0.11875 0.128125 0.06875
1 0.1171875 0.26015625 0.1328125 0.0671875
1 0.09375 0.4515625 0.12265625 0.06328125
1 0.09375 0.628125 0.13046875 0.06796875
3 0.42421875 0.18671875 0.06875 0.05390625
3 0.44296875 0.421875 0.07109375 0.053125
3 0.4140625 0.6625 0.07734375 0.0546875
3 0.73515625 0.59140625 0.0765625 0.05625
10 0.740625 0.45859375 0.084375 0.06328125
10 0.82734375 0.55234375 0.08203125 0.0578125
10 0.82734375 0.659375 0.08828125 0.05859375
6 0.61796875 0.6015625 0.078125 0.13203125
4 0.80390625 0.24609375 0.1046875 0.09765625
8 0.93125 0.1578125 0.0609375 0.08046875
8 0.9375 0.06015625 0.05859375 0.08046875
11 0.08046875 0.7453125 0.12734375 0.053125
11 0.10859375 0.94453125 0.12578125 0.053125
5 0.3359375 0.965625 0.06328125 0.0484375