6 0.11875 0.3625 0.08046875 0.19453125
6 0.39765625 0.353125 0.08046875 0.1859375
3 0.26015625 0.35078125 0.07734375 0.0828125
4 0.18125 0.81171875 0.1125 0.13125
8 0.0546875 0.65625 0.0625 0.11875
8 0.05078125 0.90703125 0.06015625 0.1171875
3 0.52109375 0.08203125 0.0765625 0.0828125
11 0.69375 0.38984375 0.12890625 0.07421875
5 0.6359375 0.728125 0.06796875 0.06484375
1 0.89140625 0.11015625 0.13046875 0.0953125
1 0.89375 0.2328125 0.13046875 0.09921875
10 0.93203125 0.59296875 0.0859375 0.08984375
10 0.9328125 0.71328125 0.08515625 0.08515625