4 0.19765625 0.1953125 0.09765625 0.14765625
8 0.04921875 0.1296875 0.05 0.12578125
8 0.05078125 0.2640625 0.0515625 0.1234375
3 0.33515625 0.8359375 0.06328125 0.0875
3 0.76171875 0.209375 0.06328125 0.08671875
6 0.66484375 0.2171875 0.06640625 0.20546875
1 0.4921875 0.8140625 0.1125 0.1015625
11 0.58515625 0.45234375 0.1140625 0.07890625
5 0.51015625 0.6296875 0.0546875 0.07421875
5 0.57734375 0.628125 0.05703125 0.07109375
5 0.646875 0.6296875 0.05703125 0.0734375
10 0.9453125 0.4609375 0.0734375 0.090625
10 0.94609375 0.61015625 0.07109375 0.0921875