4 0.4203125 0.49140625 0.109375 0.096875
1 0.90390625 0.46484375 0.1296875 0.06875
1 0.90234375 0.36875 0.1234375 0.071875
1 0.684375 0.25703125 0.125 0.0734375
1 0.9 0.0578125 0.128125 0.0703125
1 0.64375 0.36328125 0.075 0.0640625
1 0.9328125 0.26171875 0.0765625 0.065625
1 0.521875 0.36015625 0.075 0.059375
3 0.2453125 0.359375 0.078125 0.0625
3 0.6421875 0.3640625 0.071875 0.059375
3 0.93046875 0.2640625 0.075 0.059375
3 0.525 0.36015625 0.075 0.059375
11 0.0859375 0.59375 0.1265625 0.0546875
11 0.0875 0.51796875 0.1296875 0.0546875
11 0.08359375 0.44453125 0.128125 0.053125
5 0.065625 0.3640625 0.0671875 0.0515625
8 0.546875 0.65 0.065625 0.08125
8 0.2359375 0.65546875 0.059375 0.0875
6 0.934375 0.84296875 0.08125 0.140625
10 0.51953125 0.9390625 0.0859375 0.0625
10 0.51875 0.865625 0.0796875 0.0625
10 0.51796875 0.78125 0.0796875 0.0625