4 0.5796875 0.50859375 0.10859375 0.09609375
1 0.09609375 0.53515625 0.1296875 0.06796875
1 0.09765625 0.63125 0.1234375 0.07109375
1 0.315625 0.74296875 0.12578125 0.0734375
1 0.1 0.9421875 0.12890625 0.0703125
1 0.35625 0.63671875 0.07421875 0.0640625
1 0.0671875 0.73828125 0.0765625 0.06484375
1 0.478125 0.63984375 0.07578125 0.06015625
3 0.7546875 0.640625 0.07890625 0.06328125
3 0.3578125 0.6359375 0.07265625 0.059375
3 0.06953125 0.7359375 0.07578125 0.05859375
3 0.475 0.63984375 0.07421875 0.059375
11 0.9140625 0.40625 0.12578125 0.0546875
11 0.9125 0.48203125 0.1296875 0.0546875
11 0.91640625 0.55546875 0.12890625 0.053125
5 0.934375 0.6359375 0.06640625 0.0515625
8 0.453125 0.35 0.065625 0.08046875
8 0.7640625 0.34453125 0.05859375 0.0875
6 0.065625 0.15703125 0.08125 0.13984375
10 0.48046875 0.0609375 0.0859375 0.06171875
10 0.48125 0.134375 0.0796875 0.06328125
10 0.48203125 0.21875 0.0796875 0.06328125