8 0.06953125 0.075 0.10625 0.08984375
8 0.2390625 0.075 0.10546875 0.08359375
8 0.38359375 0.07578125 0.10546875 0.08125
4 0.21953125 0.31484375 0.11875 0.16015625
4 0.3796875 0.31484375 0.11875 0.16015625
3 0.80078125 0.09453125 0.07109375 0.10703125
1 0.92734375 0.1703125 0.0828125 0.1875
5 0.26953125 0.5671875 0.0609375 0.0859375
11 0.2640625 0.740625 0.06171875 0.18984375
10 0.06875 0.78671875 0.075 0.12109375
3 0.8 0.55703125 0.06953125 0.103125
6 0.9375 0.5109375 0.075 0.25390625
6 0.8078125 0.7046875 0.171875 0.1140625