6 0.715625 0.06953125 0.20625 0.0703125
3 0.7265625 0.14296875 0.084375 0.0625
3 0.8359375 0.3359375 0.0875 0.0625
1 0.815625 0.49453125 0.109375 0.1140625
1 0.5984375 0.59609375 0.103125 0.115625
1 0.5875 0.7890625 0.10625 0.115625
10 0.46484375 0.94765625 0.090625 0.071875
4 0.19765625 0.196875 0.14375 0.096875
8 0.26171875 0.05078125 0.128125 0.05625
8 0.13125 0.0515625 0.1296875 0.0515625
11 0.2625 0.68125 0.078125 0.1140625
3 0.08125 0.9453125 0.084375 0.065625
5 0.0484375 0.6171875 0.071875 0.0484375