1 0.59609375 0.403125 0.10625 0.115625
1 0.5890625 0.2109375 0.10625 0.1125
1 0.81171875 0.50546875 0.1046875 0.1125
6 0.7140625 0.9296875 0.203125 0.071875
3 0.72734375 0.85703125 0.0875 0.065625
3 0.83828125 0.6640625 0.0890625 0.065625
4 0.19609375 0.80234375 0.15 0.0984375
8 0.1296875 0.9484375 0.128125 0.053125
8 0.2625 0.9484375 0.125 0.05
11 0.25859375 0.31640625 0.075 0.1125
10 0.46328125 0.05078125 0.0921875 0.071875
3 0.0796875 0.05625 0.0890625 0.065625
5 0.04765625 0.38046875 0.071875 0.053125