1 0.11015625 0.11875 0.128125 0.06875
1 0.1171875 0.26015625 0.1328125 0.0671875
1 0.09375 0.4515625 0.121875 0.0625
1 0.09375 0.628125 0.13125 0.06875
3 0.42421875 0.18671875 0.06875 0.053125
3 0.44296875 0.421875 0.071875 0.053125
3 0.4140625 0.6625 0.078125 0.0546875
3 0.73515625 0.59140625 0.0765625 0.05625
10 0.740625 0.45859375 0.084375 0.0625
10 0.82734375 0.55234375 0.08125 0.0578125
10 0.82734375 0.659375 0.0875 0.059375
6 0.61796875 0.6015625 0.078125 0.13125
4 0.80390625 0.24609375 0.1046875 0.096875
8 0.93125 0.1578125 0.0609375 0.08125
8 0.9375 0.06015625 0.059375 0.08125
11 0.08046875 0.7453125 0.128125 0.053125
11 0.10859375 0.94453125 0.125 0.053125
5 0.3359375 0.965625 0.0625 0.0484375