6 0.12890625 0.2984375 0.075 0.20546875
3 0.2421875 0.3 0.0734375 0.090625
10 0.33203125 0.2046875 0.07890625 0.09453125
10 0.334375 0.3265625 0.07890625 0.0890625
10 0.45703125 0.596875 0.07734375 0.08828125
10 0.4578125 0.71875 0.078125 0.08828125
3 0.36171875 0.69375 0.06953125 0.08984375
4 0.0671875 0.59921875 0.1015625 0.1453125
1 0.7125 0.578125 0.12109375 0.10625
1 0.91953125 0.58359375 0.1203125 0.0984375
1 0.92265625 0.421875 0.071875 0.08203125
3 0.92265625 0.4234375 0.06875 0.084375
3 0.94453125 0.7703125 0.0703125 0.0859375
11 0.71015625 0.9453125 0.125 0.07265625
5 0.82421875 0.8421875 0.059375 0.0734375
8 0.3609375 0.925 0.0546875 0.125
8 0.04140625 0.91328125 0.05703125 0.128125