1 0.11875 0.88984375 0.06875 0.128125
1 0.26015625 0.8828125 0.0671875 0.1328125
1 0.4515625 0.90625 0.0625 0.121875
1 0.628125 0.90625 0.06875 0.13125
3 0.18671875 0.57578125 0.053125 0.06875
3 0.421875 0.55703125 0.053125 0.071875
3 0.6625 0.5859375 0.0546875 0.078125
3 0.59140625 0.26484375 0.05625 0.0765625
10 0.45859375 0.259375 0.0625 0.084375
10 0.55234375 0.17265625 0.0578125 0.08125
10 0.659375 0.17265625 0.059375 0.0875
6 0.6015625 0.38203125 0.13125 0.078125
4 0.24609375 0.19609375 0.096875 0.1046875
8 0.1578125 0.06875 0.08125 0.0609375
8 0.06015625 0.0625 0.08125 0.059375
11 0.7453125 0.91953125 0.053125 0.128125
11 0.94453125 0.89140625 0.053125 0.125
5 0.965625 0.6640625 0.0484375 0.0625