3 0.3359375 0.1640625 0.0625 0.0890625
3 0.76171875 0.78671875 0.0671875 0.0875
1 0.49140625 0.18359375 0.11484375 0.10390625
10 0.94609375 0.38671875 0.0765625 0.09140625
10 0.94765625 0.53515625 0.07109375 0.0921875
11 0.584375 0.54765625 0.1125 0.0765625
4 0.196875 0.8015625 0.09453125 0.14375
8 0.05 0.73828125 0.0515625 0.128125
8 0.05078125 0.8703125 0.05390625 0.125
6 0.66640625 0.7828125 0.07265625 0.20546875
5 0.5109375 0.36875 0.053125 0.071875
5 0.57578125 0.37265625 0.05390625 0.0734375
5 0.64375 0.36953125 0.05390625 0.0734375