6 0.91328125 0.74765625 0.075 0.14375
6 0.91015625 0.54375 0.075 0.140625
6 0.66875 0.66015625 0.078125 0.140625
3 0.7828125 0.659375 0.06875 0.059375
4 0.88359375 0.1140625 0.096875 0.1015625
4 0.640625 0.10703125 0.0984375 0.1
10 0.496875 0.2671875 0.078125 0.071875
10 0.32734375 0.45625 0.075 0.0625
8 0.471875 0.4796875 0.05625 0.084375
1 0.08828125 0.44140625 0.1171875 0.06875
1 0.096875 0.29765625 0.115625 0.071875
5 0.2265625 0.6375 0.05625 0.05
11 0.0859375 0.88046875 0.11875 0.059375
11 0.08515625 0.946875 0.1234375 0.05625