6 0.3625 0.11953125 0.19375 0.084375
6 0.35625 0.3953125 0.1890625 0.08125
3 0.35078125 0.2609375 0.08125 0.078125
3 0.08359375 0.51953125 0.084375 0.078125
4 0.8140625 0.18046875 0.1328125 0.109375
8 0.65625 0.05390625 0.1203125 0.059375
8 0.9078125 0.05078125 0.121875 0.0578125
11 0.3890625 0.68984375 0.071875 0.13125
5 0.7296875 0.63359375 0.065625 0.0640625
10 0.71484375 0.93125 0.0875 0.0875
10 0.58984375 0.93125 0.084375 0.08125
1 0.23359375 0.8953125 0.090625 0.128125
1 0.109375 0.8890625 0.090625 0.1296875