9 0.05703125 0.3265625 0.0875 0.10390625
11 0.29375 0.18359375 0.06484375 0.19765625
12 0.03828125 0.7296875 0.05234375 0.2125
0 0.26875 0.67578125 0.07265625 0.10859375
4 0.5 0.1171875 0.15 0.1984375
1 0.7171875 0.0984375 0.07109375 0.15625
1 0.9421875 0.09609375 0.07109375 0.15625
3 0.8421875 0.2265625 0.0703125 0.09609375
10 0.7359375 0.578125 0.07265625 0.1078125
3 0.84453125 0.58515625 0.06953125 0.10703125
6 0.9484375 0.61015625 0.065625 0.22421875
10 0.94296875 0.8078125 0.06640625 0.10234375