4 0.8046875 0.19765625 0.146875 0.096875
8 0.8703125 0.04921875 0.125 0.05
8 0.7359375 0.05078125 0.1234375 0.0515625
3 0.1640625 0.33515625 0.0875 0.0625
3 0.790625 0.76171875 0.0875 0.0625
6 0.7828125 0.66484375 0.20625 0.0671875
1 0.1859375 0.4921875 0.1015625 0.1125
11 0.54765625 0.58515625 0.078125 0.1140625
5 0.3703125 0.51015625 0.075 0.0546875
5 0.371875 0.57734375 0.071875 0.05625
5 0.3703125 0.646875 0.0734375 0.05625
10 0.5390625 0.9453125 0.090625 0.0734375
10 0.38984375 0.94609375 0.0921875 0.071875