4 0.80234375 0.8046875 0.096875 0.146875
8 0.95078125 0.8703125 0.05 0.125
8 0.94921875 0.7359375 0.0515625 0.1234375
3 0.66484375 0.1640625 0.0640625 0.0875
3 0.23828125 0.790625 0.0625 0.0875
6 0.33515625 0.7828125 0.0671875 0.20625
1 0.5078125 0.1859375 0.1125 0.1015625
11 0.41484375 0.54765625 0.1140625 0.078125
5 0.48984375 0.3703125 0.0546875 0.075
5 0.42265625 0.371875 0.05625 0.071875
5 0.353125 0.3703125 0.05625 0.0734375
10 0.0546875 0.5390625 0.0734375 0.090625
10 0.05390625 0.38984375 0.071875 0.0921875