1 0.9421875 0.09765625 0.075 0.128125
1 0.74375 0.31640625 0.065625 0.128125
1 0.6296875 0.1 0.0625 0.128125
1 0.5359375 0.09765625 0.0734375 0.128125
3 0.640625 0.4765625 0.05625 0.071875
3 0.63984375 0.75234375 0.0609375 0.075
3 0.63984375 0.3578125 0.0625 0.0796875
3 0.7375 0.06953125 0.0625 0.075
4 0.51015625 0.5796875 0.103125 0.109375
8 0.3515625 0.45390625 0.0875 0.065625
8 0.3453125 0.76484375 0.084375 0.0640625
6 0.15625 0.065625 0.1375 0.0796875
10 0.21875 0.48203125 0.065625 0.0828125
10 0.134375 0.478125 0.059375 0.08125
10 0.059375 0.48046875 0.065625 0.08125
11 0.55625 0.9140625 0.053125 0.1265625
11 0.48515625 0.91328125 0.05625 0.13125
11 0.40625 0.9140625 0.053125 0.125
5 0.64140625 0.93515625 0.0515625 0.065625