6 0.7015625 0.12890625 0.20625 0.075
3 0.7 0.2421875 0.090625 0.0734375
10 0.7953125 0.33203125 0.09375 0.078125
10 0.6734375 0.334375 0.0890625 0.078125
10 0.403125 0.45703125 0.0875 0.078125
10 0.28125 0.4578125 0.0875 0.078125
3 0.30625 0.36171875 0.090625 0.06875
4 0.40078125 0.0671875 0.1453125 0.1015625
1 0.421875 0.7125 0.10625 0.121875
1 0.41640625 0.91953125 0.0984375 0.1203125
1 0.578125 0.92265625 0.08125 0.071875
3 0.5765625 0.92265625 0.084375 0.06875
3 0.2296875 0.94453125 0.0859375 0.0703125
11 0.0546875 0.71015625 0.071875 0.125
5 0.1578125 0.82421875 0.0734375 0.059375
8 0.075 0.3609375 0.125 0.0546875
8 0.08671875 0.04140625 0.128125 0.05625