6 0.11953125 0.6375 0.084375 0.19296875
6 0.3953125 0.64375 0.08125 0.1890625
3 0.2609375 0.64921875 0.07734375 0.08125
3 0.51953125 0.91640625 0.078125 0.084375
4 0.18046875 0.1859375 0.10859375 0.1328125
8 0.05390625 0.34375 0.06015625 0.1203125
8 0.05078125 0.0921875 0.0578125 0.12265625
11 0.68984375 0.6109375 0.13046875 0.07109375
5 0.63359375 0.2703125 0.0640625 0.06640625
10 0.93125 0.28515625 0.08671875 0.0875
10 0.93125 0.41015625 0.08046875 0.08359375
1 0.8953125 0.76640625 0.128125 0.09140625
1 0.8890625 0.890625 0.1296875 0.09140625