3 0.6640625 0.8359375 0.0625 0.0890625
3 0.23828125 0.21328125 0.0671875 0.0875
1 0.50859375 0.81640625 0.115625 0.103125
10 0.05390625 0.61328125 0.0765625 0.090625
10 0.05234375 0.46484375 0.071875 0.0921875
11 0.415625 0.45234375 0.1125 0.0765625
4 0.803125 0.1984375 0.0953125 0.14375
8 0.95 0.26171875 0.0515625 0.128125
8 0.94921875 0.1296875 0.053125 0.125
6 0.33359375 0.2171875 0.0734375 0.20625
5 0.4890625 0.63125 0.053125 0.071875
5 0.42421875 0.62734375 0.053125 0.0734375
5 0.35625 0.63046875 0.053125 0.0734375