1 0.90234375 0.9421875 0.128125 0.075
1 0.68359375 0.74375 0.128125 0.065625
1 0.9 0.6296875 0.128125 0.0640625
1 0.90234375 0.5359375 0.128125 0.0734375
3 0.5234375 0.640625 0.071875 0.05625
3 0.24765625 0.63984375 0.075 0.0609375
3 0.6421875 0.63984375 0.0796875 0.0625
3 0.93046875 0.7375 0.075 0.0625
4 0.4203125 0.51015625 0.109375 0.103125
8 0.54609375 0.3515625 0.065625 0.0875
8 0.23515625 0.3453125 0.0640625 0.084375
6 0.934375 0.15625 0.0796875 0.1375
10 0.51796875 0.21875 0.0828125 0.065625
10 0.521875 0.134375 0.08125 0.059375
10 0.51953125 0.059375 0.08125 0.065625
11 0.0859375 0.55625 0.1265625 0.0546875
11 0.08671875 0.48515625 0.13125 0.05625
11 0.0859375 0.40625 0.125 0.053125
5 0.06484375 0.64140625 0.065625 0.0515625