6 0.08671875 0.25234375 0.07421875 0.14375
6 0.08984375 0.45625 0.07421875 0.13984375
6 0.33125 0.33984375 0.078125 0.13984375
3 0.2171875 0.340625 0.06796875 0.05859375
4 0.11640625 0.8859375 0.09765625 0.1015625
4 0.359375 0.89296875 0.09765625 0.09921875
10 0.503125 0.7328125 0.078125 0.07109375
10 0.67265625 0.54375 0.075 0.0625
8 0.528125 0.5203125 0.05703125 0.08515625
1 0.91171875 0.55859375 0.1171875 0.06875
1 0.903125 0.70234375 0.11484375 0.07109375
5 0.7734375 0.3625 0.05625 0.04921875
11 0.9140625 0.11953125 0.11875 0.059375
11 0.91484375 0.053125 0.12265625 0.05546875