8 0.06875 0.071875 0.1015625 0.0796875
8 0.23828125 0.07578125 0.10390625 0.08359375
4 0.096875 0.253125 0.11640625 0.15703125
4 0.25234375 0.25390625 0.11796875 0.15859375
10 0.06875 0.78515625 0.0734375 0.11875
1 0.2515625 0.70625 0.0828125 0.18515625
5 0.37265625 0.56484375 0.05703125 0.08671875
11 0.6125 0.6078125 0.05859375 0.18671875
10 0.790625 0.3625 0.07109375 0.11796875
3 0.80078125 0.55703125 0.06796875 0.1046875
6 0.93828125 0.5109375 0.0734375 0.25390625
6 0.8078125 0.703125 0.17109375 0.109375