8 0.93046875 0.925 0.10625 0.090625
8 0.7609375 0.925 0.1046875 0.084375
8 0.61640625 0.92421875 0.10625 0.08125
4 0.78046875 0.68515625 0.11875 0.159375
4 0.6203125 0.68515625 0.11875 0.159375
3 0.19921875 0.90546875 0.071875 0.10625
1 0.07265625 0.8296875 0.0828125 0.1875
5 0.73046875 0.4328125 0.0609375 0.0859375
11 0.7359375 0.259375 0.0625 0.190625
10 0.93125 0.21328125 0.075 0.121875
3 0.2 0.44296875 0.0703125 0.103125
6 0.0625 0.4890625 0.075 0.253125
6 0.1921875 0.2953125 0.171875 0.1140625