3 0.8359375 0.3359375 0.0890625 0.0625
3 0.21328125 0.76171875 0.0875 0.0671875
1 0.81640625 0.49140625 0.103125 0.115625
10 0.61328125 0.94609375 0.090625 0.0765625
10 0.46484375 0.94765625 0.0921875 0.071875
11 0.45234375 0.584375 0.0765625 0.1125
4 0.1984375 0.196875 0.14375 0.09375
8 0.26171875 0.05 0.128125 0.0515625
8 0.1296875 0.05078125 0.125 0.053125
6 0.2171875 0.66640625 0.20625 0.0734375
5 0.63125 0.5109375 0.071875 0.053125
5 0.62734375 0.57578125 0.0734375 0.053125
5 0.63046875 0.64375 0.0734375 0.053125