1 0.09765625 0.0578125 0.128125 0.07578125
1 0.31640625 0.25625 0.12890625 0.065625
1 0.1 0.3703125 0.12734375 0.06328125
1 0.09765625 0.4640625 0.128125 0.0734375
3 0.4765625 0.359375 0.07109375 0.05625
3 0.75234375 0.36015625 0.07421875 0.0609375
3 0.3578125 0.36015625 0.0796875 0.06171875
3 0.06953125 0.2625 0.07578125 0.06171875
4 0.5796875 0.48984375 0.11015625 0.103125
8 0.45390625 0.6484375 0.06640625 0.0875
8 0.76484375 0.6546875 0.0640625 0.08359375
6 0.065625 0.84375 0.0796875 0.13671875
10 0.48203125 0.78125 0.0828125 0.065625
10 0.478125 0.865625 0.08125 0.06015625
10 0.48046875 0.940625 0.08046875 0.065625
11 0.9140625 0.44375 0.1265625 0.05390625
11 0.91328125 0.51484375 0.13046875 0.05546875
11 0.9140625 0.59375 0.125 0.053125
5 0.93515625 0.35859375 0.065625 0.0515625