6 0.284375 0.93046875 0.20625 0.0703125
3 0.2734375 0.85703125 0.084375 0.0625
3 0.1640625 0.6640625 0.0875 0.0625
1 0.184375 0.50546875 0.109375 0.1140625
1 0.4015625 0.40390625 0.103125 0.115625
1 0.4125 0.2109375 0.10625 0.115625
10 0.53515625 0.05234375 0.090625 0.071875
4 0.80234375 0.803125 0.14375 0.096875
8 0.73828125 0.94921875 0.128125 0.05625
8 0.86875 0.9484375 0.1296875 0.0515625
11 0.7375 0.31875 0.078125 0.1140625
3 0.91875 0.0546875 0.084375 0.065625
5 0.9515625 0.3828125 0.071875 0.05