6 0.54296875 0.90859375 0.1421875 0.0796875
6 0.746875 0.91015625 0.140625 0.078125
6 0.65859375 0.67109375 0.14375 0.075
3 0.65859375 0.78203125 0.065625 0.06875
4 0.11171875 0.884375 0.103125 0.103125
4 0.10625 0.6421875 0.1015625 0.10625
10 0.26484375 0.4953125 0.06875 0.071875
10 0.453125 0.32890625 0.0625 0.071875
8 0.47578125 0.47421875 0.0875 0.0546875
1 0.29453125 0.09375 0.075 0.1203125
1 0.43984375 0.08671875 0.071875 0.1125
5 0.63828125 0.228125 0.0515625 0.059375
11 0.88046875 0.0875 0.05625 0.125
11 0.946875 0.084375 0.059375 0.121875