6 0.06953125 0.284375 0.0703125 0.20625
3 0.14296875 0.2734375 0.06328125 0.08515625
3 0.3359375 0.1640625 0.0625 0.0875
1 0.49453125 0.184375 0.1140625 0.109375
1 0.59609375 0.4015625 0.115625 0.103125
1 0.7890625 0.4125 0.115625 0.10625
10 0.94765625 0.53515625 0.071875 0.090625
4 0.196875 0.80234375 0.09609375 0.14375
8 0.05078125 0.73828125 0.05546875 0.12734375
8 0.0515625 0.86875 0.0515625 0.1296875
11 0.68125 0.7375 0.1140625 0.078125
3 0.9453125 0.91875 0.065625 0.08515625
5 0.6171875 0.9515625 0.04921875 0.07109375