6 0.09140625 0.54296875 0.0796875 0.1421875
6 0.08984375 0.746875 0.078125 0.140625
6 0.32890625 0.65859375 0.07421875 0.14375
3 0.21796875 0.65859375 0.06953125 0.06484375
4 0.115625 0.11171875 0.103125 0.10234375
4 0.3578125 0.10625 0.10625 0.1015625
10 0.5046875 0.26484375 0.07265625 0.06875
10 0.67109375 0.453125 0.07265625 0.06328125
8 0.52578125 0.47578125 0.0546875 0.08671875
1 0.90625 0.29453125 0.1203125 0.07421875
1 0.91328125 0.43984375 0.11171875 0.07265625
5 0.771875 0.63828125 0.05859375 0.0515625
11 0.9125 0.88046875 0.12421875 0.05546875
11 0.915625 0.946875 0.12109375 0.05859375