6 0.6375 0.88046875 0.19375 0.084375
6 0.64375 0.6046875 0.1890625 0.08125
3 0.64921875 0.7390625 0.08125 0.078125
3 0.91640625 0.48046875 0.084375 0.078125
4 0.1859375 0.81953125 0.1328125 0.109375
8 0.34375 0.94609375 0.1203125 0.059375
8 0.0921875 0.94921875 0.121875 0.0578125
11 0.6109375 0.31015625 0.071875 0.13125
5 0.2703125 0.36640625 0.065625 0.0640625
10 0.28515625 0.06875 0.0875 0.0875
10 0.41015625 0.06875 0.084375 0.08125
1 0.76640625 0.1046875 0.090625 0.128125
1 0.890625 0.1109375 0.090625 0.1296875