1 0.596875 0.59609375 0.115625 0.10625
1 0.7890625 0.5890625 0.1125 0.10625
1 0.49453125 0.81171875 0.1125 0.1046875
6 0.0703125 0.7140625 0.071875 0.203125
3 0.14296875 0.72734375 0.065625 0.0875
3 0.3359375 0.83828125 0.065625 0.0890625
4 0.19765625 0.19609375 0.0984375 0.15
8 0.0515625 0.1296875 0.053125 0.128125
8 0.0515625 0.2625 0.05 0.125
11 0.68359375 0.25859375 0.1125 0.075
10 0.94921875 0.46328125 0.071875 0.0921875
3 0.94375 0.0796875 0.065625 0.0890625
5 0.61953125 0.04765625 0.053125 0.071875