4 0.49140625 0.5796875 0.096875 0.109375
1 0.46484375 0.09609375 0.06875 0.1296875
1 0.36875 0.09765625 0.071875 0.1234375
1 0.25703125 0.315625 0.0734375 0.125
1 0.0578125 0.1 0.0703125 0.128125
1 0.36328125 0.35625 0.0640625 0.075
1 0.26171875 0.0671875 0.065625 0.0765625
1 0.36015625 0.478125 0.059375 0.075
3 0.359375 0.7546875 0.0625 0.078125
3 0.3640625 0.3578125 0.059375 0.071875
3 0.2640625 0.06953125 0.059375 0.075
3 0.36015625 0.475 0.059375 0.075
11 0.59375 0.9140625 0.0546875 0.125
11 0.51796875 0.9125 0.0546875 0.1296875
11 0.44453125 0.91640625 0.053125 0.128125
5 0.3640625 0.934375 0.0515625 0.065625
8 0.65 0.453125 0.08125 0.065625
8 0.65546875 0.7640625 0.0875 0.059375
6 0.84296875 0.065625 0.140625 0.08125
10 0.9390625 0.48046875 0.0625 0.0859375
10 0.865625 0.48125 0.0625 0.0796875
10 0.78125 0.48203125 0.0625 0.0796875