6 0.09140625 0.54296875 0.0796875 0.1421875
6 0.08984375 0.746875 0.078125 0.140625
6 0.32890625 0.65859375 0.075 0.14375
3 0.21796875 0.65859375 0.06875 0.065625
4 0.115625 0.11171875 0.103125 0.103125
4 0.3578125 0.10625 0.10625 0.1015625
10 0.5046875 0.26484375 0.071875 0.06875
10 0.67109375 0.453125 0.071875 0.0625
8 0.52578125 0.47578125 0.0546875 0.0875
1 0.90625 0.29453125 0.1203125 0.075
1 0.91328125 0.43984375 0.1125 0.071875
5 0.771875 0.63828125 0.059375 0.0515625
11 0.9125 0.88046875 0.125 0.05625
11 0.915625 0.946875 0.121875 0.059375