10 0.21171875 0.0703125 0.128125 0.07734375
11 0.2578125 0.26328125 0.196875 0.065625
5 0.42890625 0.27109375 0.0953125 0.0625
4 0.74296875 0.096875 0.17265625 0.125
8 0.925 0.06875 0.090625 0.11171875
8 0.92109375 0.23828125 0.08359375 0.1046875
1 0.83125 0.51484375 0.19453125 0.0890625
1 0.828125 0.66171875 0.1953125 0.08828125
6 0.2953125 0.8078125 0.121875 0.17421875
6 0.490625 0.9359375 0.26015625 0.0765625
3 0.44453125 0.80078125 0.11484375 0.071875
10 0.8828125 0.821875 0.1328125 0.07890625
10 0.88125 0.92109375 0.13125 0.08203125