10 0.06875 0.7859375 0.078125 0.125
11 0.2640625 0.74140625 0.0640625 0.19375
5 0.271875 0.56875 0.0625 0.090625
4 0.21953125 0.31484375 0.121875 0.1640625
4 0.37734375 0.31796875 0.121875 0.1625
8 0.06875 0.07734375 0.103125 0.0875
8 0.2390625 0.0765625 0.103125 0.0859375
8 0.3828125 0.07890625 0.103125 0.0875
6 0.8078125 0.70859375 0.1734375 0.1203125
6 0.93671875 0.5109375 0.078125 0.2515625
3 0.8015625 0.55546875 0.071875 0.115625
3 0.8015625 0.09609375 0.075 0.1140625
1 0.92734375 0.175 0.090625 0.2