10 0.0703125 0.78828125 0.078125 0.128125
11 0.26328125 0.7421875 0.065625 0.196875
5 0.27109375 0.57109375 0.0625 0.0953125
4 0.096875 0.25703125 0.125 0.171875
8 0.06875 0.075 0.1125 0.090625
8 0.23828125 0.07890625 0.1046875 0.084375
1 0.51484375 0.16875 0.0890625 0.19375
1 0.66171875 0.171875 0.0875 0.1953125
6 0.8078125 0.7046875 0.175 0.121875
6 0.9359375 0.509375 0.0765625 0.259375
3 0.80078125 0.55546875 0.071875 0.115625
10 0.821875 0.1171875 0.078125 0.1328125
10 0.92109375 0.11875 0.08125 0.13125