10 0.2140625 0.06875 0.12578125 0.078125
11 0.25859375 0.2640625 0.19375 0.0640625
5 0.43125 0.271875 0.090625 0.06171875
4 0.68515625 0.21953125 0.1640625 0.121875
4 0.68203125 0.37734375 0.1625 0.12265625
8 0.92265625 0.06875 0.08671875 0.10234375
8 0.9234375 0.2390625 0.0859375 0.10390625
8 0.92109375 0.3828125 0.08671875 0.10390625
6 0.29140625 0.8078125 0.11953125 0.1734375
6 0.4890625 0.93671875 0.25234375 0.07734375
3 0.44453125 0.8015625 0.11484375 0.07109375
3 0.90390625 0.8015625 0.1140625 0.075
1 0.825 0.92734375 0.2 0.090625