10 0.21015625 0.06875 0.12578125 0.0734375
1 0.29453125 0.25078125 0.1953125 0.08671875
4 0.7421875 0.0953125 0.1625 0.1203125
4 0.74609375 0.25 0.1609375 0.1234375
8 0.92421875 0.06875 0.09375 0.1078125
8 0.92109375 0.2390625 0.0921875 0.10859375
11 0.390625 0.6140625 0.19375 0.065625
5 0.4328125 0.37421875 0.10234375 0.06484375
6 0.2953125 0.809375 0.12265625 0.17734375
3 0.4421875 0.80078125 0.1140625 0.071875
10 0.6328125 0.78984375 0.13125 0.08203125
6 0.4890625 0.9390625 0.2609375 0.084375