10 0.7859375 0.93125 0.125 0.078125
11 0.74140625 0.7359375 0.19375 0.0640625
5 0.56875 0.728125 0.090625 0.0625
4 0.31484375 0.78046875 0.1640625 0.121875
4 0.31796875 0.62265625 0.1625 0.121875
8 0.07734375 0.93125 0.0875 0.103125
8 0.0765625 0.7609375 0.0859375 0.103125
8 0.07890625 0.6171875 0.0875 0.103125
6 0.70859375 0.1921875 0.1203125 0.1734375
6 0.5109375 0.06328125 0.2515625 0.078125
3 0.55546875 0.1984375 0.115625 0.071875
3 0.09609375 0.1984375 0.1140625 0.075
1 0.175 0.07265625 0.2 0.090625