10 0.06875 0.21328125 0.071875 0.121875
11 0.26171875 0.25625 0.0609375 0.18671875
5 0.26875 0.4296875 0.05859375 0.0875
4 0.084375 0.70703125 0.12421875 0.15546875
8 0.07890625 0.92109375 0.10546875 0.0828125
3 0.525 0.58515625 0.06953125 0.10859375
1 0.47265625 0.875 0.0828125 0.1890625
1 0.59375 0.87578125 0.08203125 0.1890625
6 0.809375 0.4390625 0.17578125 0.11328125
6 0.79140625 0.8609375 0.17265625 0.1171875
6 0.93671875 0.67734375 0.075 0.25703125
3 0.78984375 0.70546875 0.071875 0.1046875