10 0.2125 0.93046875 0.11875 0.075
11 0.25625 0.7375 0.19375 0.0609375
5 0.43125 0.7296875 0.0890625 0.0578125
4 0.6828125 0.78046875 0.1609375 0.121875
4 0.678125 0.6203125 0.1625 0.121875
8 0.92421875 0.93046875 0.0859375 0.1078125
8 0.9203125 0.7625 0.0875 0.1046875
8 0.92265625 0.615625 0.0859375 0.103125
6 0.29453125 0.190625 0.1125 0.1765625
6 0.4875 0.06171875 0.259375 0.075
3 0.4421875 0.19765625 0.1078125 0.0734375
3 0.903125 0.19921875 0.10625 0.0703125
1 0.828125 0.071875 0.184375 0.084375