10 0.06875 0.21015625 0.075 0.12265625
11 0.2625 0.2578125 0.0609375 0.190625
5 0.2703125 0.43046875 0.05703125 0.0921875
4 0.08203125 0.71015625 0.11796875 0.16171875
8 0.24140625 0.75078125 0.10625 0.08671875
3 0.41015625 0.63515625 0.0703125 0.1078125
1 0.4046875 0.871875 0.0828125 0.18828125
1 0.5953125 0.8765625 0.08359375 0.1859375
6 0.809375 0.4421875 0.1734375 0.11328125
3 0.79140625 0.70703125 0.07109375 0.10859375
6 0.790625 0.86171875 0.1765625 0.121875
6 0.9375 0.67734375 0.07734375 0.2609375