10 0.93046875 0.7875 0.075 0.11875
11 0.7375 0.74375 0.0609375 0.19375
5 0.7296875 0.56875 0.0578125 0.0890625
4 0.78046875 0.3171875 0.121875 0.1609375
4 0.6203125 0.321875 0.121875 0.1625
8 0.93046875 0.07578125 0.1078125 0.0859375
8 0.7625 0.0796875 0.1046875 0.0875
8 0.615625 0.07734375 0.103125 0.0859375
6 0.190625 0.70546875 0.1765625 0.1140625
6 0.06171875 0.5125 0.075 0.259375
3 0.19765625 0.5578125 0.0734375 0.1078125
3 0.19921875 0.096875 0.0703125 0.10625
1 0.071875 0.171875 0.084375 0.184375