10 0.06953125 0.2125 0.075 0.11875
11 0.2625 0.25625 0.0609375 0.19375
5 0.2703125 0.43125 0.0578125 0.0890625
4 0.21953125 0.6828125 0.12265625 0.1609375
4 0.3796875 0.678125 0.12265625 0.16171875
8 0.06953125 0.92421875 0.1078125 0.0859375
8 0.2375 0.9203125 0.10390625 0.0875
8 0.384375 0.92265625 0.103125 0.0859375
6 0.809375 0.29453125 0.1765625 0.11328125
6 0.93828125 0.4875 0.075 0.259375
3 0.80234375 0.4421875 0.0734375 0.1078125
3 0.80078125 0.903125 0.0703125 0.10703125
1 0.928125 0.828125 0.08359375 0.18515625