10 0.06953125 0.21015625 0.07421875 0.11875
1 0.253125 0.29375 0.0828125 0.1859375
5 0.3734375 0.43359375 0.059375 0.0921875
11 0.6125 0.3890625 0.06484375 0.18828125
6 0.80859375 0.2953125 0.1703125 0.11484375
6 0.9359375 0.48671875 0.07734375 0.25703125
6 0.79140625 0.63515625 0.07734375 0.12265625
3 0.80078125 0.4421875 0.07265625 0.10859375
4 0.09765625 0.74453125 0.12265625 0.15859375
4 0.25078125 0.74296875 0.12109375 0.1578125
8 0.0703125 0.92421875 0.10546875 0.08671875
8 0.23984375 0.92109375 0.1046875 0.08359375