12 0.03828125 0.2703125 0.0515625 0.21171875
0 0.26640625 0.32265625 0.07265625 0.10546875
9 0.05546875 0.66953125 0.0859375 0.1
11 0.29296875 0.8125 0.065625 0.19609375
4 0.50078125 0.88125 0.146875 0.1953125
10 0.73515625 0.421875 0.06953125 0.10546875
10 0.9421875 0.1921875 0.06953125 0.1046875
3 0.84375 0.41328125 0.07265625 0.109375
6 0.94921875 0.3875 0.0671875 0.2265625
3 0.840625 0.7703125 0.0703125 0.09375
1 0.71875 0.8984375 0.07109375 0.15625
1 0.94296875 0.89921875 0.07265625 0.15703125