4 0.25546875 0.09609375 0.1703125 0.1234375
8 0.07421875 0.07109375 0.08671875 0.1078125
8 0.0765625 0.2390625 0.090625 0.10390625
10 0.7828125 0.06875 0.12265625 0.078125
11 0.74140625 0.26328125 0.19765625 0.06171875
5 0.56484375 0.271875 0.0953125 0.06328125
1 0.16796875 0.51484375 0.1890625 0.08203125
1 0.16875 0.66328125 0.1875 0.0859375
6 0.703125 0.8078125 0.11953125 0.17421875
6 0.51015625 0.9359375 0.26015625 0.0765625
3 0.55625 0.79921875 0.10703125 0.071875
10 0.115625 0.821875 0.125 0.075
10 0.11484375 0.92265625 0.121875 0.07578125