11 0.18359375 0.29375 0.19765625 0.06875
0 0.67421875 0.26796875 0.11328125 0.07734375
12 0.73046875 0.040625 0.21875 0.05234375
9 0.325 0.05703125 0.11015625 0.08671875
4 0.11640625 0.49921875 0.19765625 0.15
1 0.1 0.7171875 0.159375 0.0703125
1 0.0984375 0.94140625 0.16171875 0.071875
3 0.2265625 0.8421875 0.09609375 0.0703125
10 0.5734375 0.73515625 0.11015625 0.07578125
10 0.80703125 0.94453125 0.103125 0.0765625
3 0.5859375 0.8453125 0.1140625 0.07421875
6 0.6109375 0.9515625 0.23515625 0.07265625