1 0.13828125 0.07421875 0.1921875 0.0875
1 0.13359375 0.1828125 0.1890625 0.0859375
1 0.73203125 0.25625 0.2 0.08515625
10 0.7765625 0.0671875 0.11953125 0.07890625
11 0.15703125 0.403125 0.19375 0.06640625
11 0.1578125 0.59921875 0.19375 0.06484375
5 0.06953125 0.5 0.0921875 0.0578125
4 0.1296875 0.73984375 0.1734375 0.12109375
6 0.44765625 0.8328125 0.1234375 0.175
4 0.596875 0.83671875 0.10859375 0.07109375
8 0.0671875 0.91796875 0.0859375 0.10546875
3 0.60078125 0.83203125 0.10703125 0.0703125