4 0.90390625 0.25546875 0.1234375 0.1703125
8 0.92890625 0.07421875 0.1078125 0.0875
8 0.7609375 0.0765625 0.103125 0.090625
10 0.93125 0.7828125 0.078125 0.121875
11 0.73671875 0.74140625 0.0625 0.1984375
5 0.728125 0.56484375 0.0625 0.0953125
1 0.48515625 0.16796875 0.08125 0.1890625
1 0.33671875 0.16875 0.0859375 0.1875
6 0.1921875 0.703125 0.175 0.1203125
6 0.0640625 0.51015625 0.0765625 0.259375
3 0.20078125 0.55625 0.071875 0.10625
10 0.178125 0.115625 0.075 0.125
10 0.07734375 0.11484375 0.075 0.121875