4 0.74453125 0.90390625 0.1703125 0.1234375
8 0.92578125 0.92890625 0.0875 0.1078125
8 0.9234375 0.7609375 0.090625 0.1046875
10 0.2171875 0.93125 0.121875 0.078125
11 0.25859375 0.73671875 0.1984375 0.0625
5 0.43515625 0.728125 0.0953125 0.0625
1 0.83203125 0.48515625 0.1890625 0.0828125
1 0.83125 0.33671875 0.1875 0.0859375
6 0.296875 0.1921875 0.11875 0.175
6 0.48984375 0.0640625 0.259375 0.0765625
3 0.44375 0.20078125 0.1078125 0.071875
10 0.884375 0.178125 0.125 0.075
10 0.88515625 0.07734375 0.121875 0.0765625